E h_E T_E at t = 75000000 f-1 = 0.000250000000000; edges: 4 47 (-37500.000000 -33200.000000); nbins = 78; mean = 1052645.681818; fluctuation = 0.311414; flat = 0; low-end flattening = 0; converged = 0
-37900 0 2.4
-37800 180225 2.40001
-37700 342231 2.40001
-37600 539940 2.40003
-37500 724837 2.40001
-37400 858866 2.40004
-37300 934081 2.40008
-37200 967164 2.40013
-37100 981866 2.45876
-37000 991246 2.51028
-36900 1.00437e+06 2.55015
-36800 1.01426e+06 2.6353
-36700 1.02509e+06 2.69523
-36600 1.03518e+06 2.77377
-36500 1.04294e+06 2.79267
-36400 1.05286e+06 2.85813
-36300 1.05898e+06 2.94951
-36200 1.06525e+06 2.97885
-36100 1.07157e+06 3.02319
-36000 1.08032e+06 3.11699
-35900 1.08402e+06 3.18968
-35800 1.08973e+06 3.2279
-35700 1.09462e+06 3.30919
-35600 1.09855e+06 3.35951
-35500 1.10188e+06 3.40342
-35400 1.10618e+06 3.50144
-35300 1.1067e+06 3.58123
-35200 1.10904e+06 3.60921
-35100 1.11042e+06 3.66274
-35000 1.11088e+06 3.75609
-34900 1.11123e+06 3.79094
-34800 1.11232e+06 3.87469
-34700 1.10838e+06 3.99395
-34600 1.10792e+06 4.02748
-34500 1.10473e+06 4.06466
-34400 1.10352e+06 4.11606
-34300 1.09958e+06 4.24691
-34200 1.09298e+06 4.32152
-34100 1.08761e+06 4.33055
-34000 1.08311e+06 4.43453
-33900 1.07532e+06 4.49676
-33800 1.07014e+06 4.5133
-33700 1.06194e+06 4.62785
-33600 1.05328e+06 4.67255
-33500 1.04399e+06 4.70974
-33400 1.03514e+06 4.73847
-33300 1.02654e+06 4.74896
-33200 1.0178e+06 4.93319
-33100 1.00427e+06 4.98983
-33000 986907 4.99753
-32900 963173 4.99994
-32800 924464 4.99991
-32700 878393 4.99972
-32600 817688 4.99984
-32500 748047 4.99947
-32400 674354 4.99991
-32300 597667 4.99997
-32200 520932 4.99997
-32100 451375 4.99941
-32000 387106 4.99991
-31900 329276 4.99994
-31800 280238 4.99994
-31700 237854 4.99997
-31600 203427 4.99997
-31500 173341 4.99981
-31400 148677 4.99981
-31300 128247 4.99975
-31200 111223 4.99978
-31100 96393 4.99963
-31000 84292 4.99994
-30900 73517 4.99997
-30800 64513 4.99978
-30700 56510 4.99981
-30600 49564 4.99988
-30500 43404 4.99994
-30400 37878 4.99991
-30300 33248 5
-30200 0 5
