E h_E T_E at t = 25000000 f-1 = 0.000250000000000; edges: 4 47 (-37500.000000 -33200.000000); nbins = 78; mean = 176283.204545; fluctuation = 0.429412; flat = 0; low-end flattening = 0; converged = 0
-37900 0 2.4
-37800 28404 2.40001
-37700 50760 2.40001
-37600 76967 2.40004
-37500 100585 2.40008
-37400 119718 2.40009
-37300 133060 2.40037
-37200 143215 2.45775
-37100 150742 2.53331
-37000 157721 2.57373
-36900 165392 2.6312
-36800 171069 2.71796
-36700 176873 2.78918
-36600 181993 2.85374
-36500 186638 2.8718
-36400 191776 2.94904
-36300 194050 3.01988
-36200 197847 3.03814
-36100 201401 3.12732
-36000 204102 3.22303
-35900 205406 3.26796
-35800 207503 3.32417
-35700 208827 3.39129
-35600 210473 3.43675
-35500 210734 3.5211
-35400 210249 3.59235
-35300 209767 3.65106
-35200 208828 3.70786
-35100 207589 3.72891
-35000 206797 3.82159
-34900 204756 3.90365
-34800 202144 3.93942
-34700 198506 4.02509
-34600 196198 4.07559
-34500 192511 4.12578
-34400 188881 4.19571
-34300 183677 4.22161
-34200 179463 4.2675
-34100 174045 4.33774
-34000 169289 4.41951
-33900 162373 4.47381
-33800 157229 4.50003
-33700 149518 4.57305
-33600 142450 4.58017
-33500 135022 4.61139
-33400 127923 4.68489
-33300 119502 4.74811
-33200 110619 4.81049
-33100 101366 4.81602
-33000 93184 4.82645
-32900 84887 4.8633
-32800 76326 4.8508
-32700 69097 4.88342
-32600 60961 4.88784
-32500 53504 4.8987
-32400 46512 4.88184
-32300 40791 4.88211
-32200 35399 4.87655
-32100 31003 4.88853
-32000 26798 4.90381
-31900 23264 4.84196
-31800 20720 4.89014
-31700 18026 4.88086
-31600 16106 4.8794
-31500 14172 4.91139
-31400 12418 4.93386
-31300 11068 4.99731
-31200 9668 4.99994
-31100 8647 4.99972
-31000 7610 4.99988
-30900 6635 4.99994
-30800 5958 4.99991
-30700 5046 4.99984
-30600 4567 4.99988
-30500 3806 4.99984
-30400 3417 4.99972
-30300 2943 5
-30200 0 5
