E h_E T_E at t = 65000000 f-1 = 0.000250000000000; edges: 4 47 (-37500.000000 -33200.000000); nbins = 78; mean = 878319.090909; fluctuation = 0.323469; flat = 0; low-end flattening = 0; converged = 0
-37900 0 2.4
-37800 148640 2.40001
-37700 281669 2.40001
-37600 442738 2.40002
-37500 594210 2.40001
-37400 702419 2.40002
-37300 765176 2.40005
-37200 793946 2.40001
-37100 807727 2.46041
-37000 817810 2.50549
-36900 830844 2.55258
-36800 840524 2.6319
-36700 851951 2.69355
-36600 861633 2.77349
-36500 869828 2.79831
-36400 878733 2.86892
-36300 884816 2.95636
-36200 890497 2.97444
-36100 897807 3.01299
-36000 906460 3.12979
-35900 909207 3.19756
-35800 915251 3.22574
-35700 919972 3.31219
-35600 923855 3.36284
-35500 926996 3.40912
-35400 931095 3.49647
-35300 932137 3.58953
-35200 933430 3.62907
-35100 934644 3.65986
-35000 935447 3.76326
-34900 935056 3.81085
-34800 935785 3.87809
-34700 932018 4.00848
-34600 930663 4.03915
-34500 927794 4.07468
-34400 925778 4.14225
-34300 921421 4.26324
-34200 914509 4.31933
-34100 909539 4.33405
-34000 904492 4.45215
-33900 896540 4.48741
-33800 891890 4.50796
-33700 883372 4.6528
-33600 874112 4.69077
-33500 864757 4.68026
-33400 857032 4.73917
-33300 847281 4.80925
-33200 837586 4.94399
-33100 824654 4.99928
-33000 807948 4.99859
-32900 787119 4.99959
-32800 754105 4.99972
-32700 715975 4.99997
-32600 665012 4.99991
-32500 607507 4.99956
-32400 546840 4.99975
-32300 484390 4.99988
-32200 421530 4.99984
-32100 364916 4.99997
-32000 312629 4.99969
-31900 265809 4.99991
-31800 226620 4.99994
-31700 192259 4.99997
-31600 164761 4.99997
-31500 140349 4.99988
-31400 120127 4.99997
-31300 103823 4.99978
-31200 90150 4.99988
-31100 77872 4.99994
-31000 68112 4.99988
-30900 59597 4.99981
-30800 52334 4.99997
-30700 45798 4.99994
-30600 40124 4.99991
-30500 35105 4.99991
-30400 30531 4.99975
-30300 26866 5
-30200 0 5
