E h_E T_E at t = 60000000 f-1 = 0.000250000000000; edges: 4 47 (-37500.000000 -33200.000000); nbins = 78; mean = 791131.863636; fluctuation = 0.330677; flat = 0; low-end flattening = 0; converged = 0
-37900 0 2.4
-37800 133347 2.40001
-37700 251773 2.40001
-37600 395222 2.40001
-37500 529523 2.40001
-37400 625239 2.40022
-37300 681664 2.40027
-37200 709352 2.40086
-37100 723045 2.46329
-37000 732835 2.50801
-36900 745841 2.55413
-36800 755358 2.63299
-36700 766822 2.69486
-36600 776323 2.77381
-36500 784666 2.80507
-36400 792734 2.8829
-36300 798302 2.95698
-36200 804441 2.96767
-36100 811906 3.02437
-36000 819405 3.14714
-35900 821897 3.19609
-35800 828311 3.23273
-35700 832126 3.31826
-35600 836473 3.36133
-35500 839257 3.42047
-35400 842934 3.50176
-35300 844052 3.59853
-35200 844712 3.6476
-35100 845439 3.65865
-35000 846801 3.76606
-34900 845693 3.82649
-34800 846281 3.8877
-34700 842145 4.00641
-34600 841262 4.03
-34500 838371 4.07501
-34400 836361 4.16095
-34300 831130 4.26618
-34200 824963 4.29969
-34100 820094 4.3415
-34000 814629 4.45885
-33900 806825 4.48826
-33800 801993 4.54012
-33700 792400 4.66795
-33600 783657 4.67441
-33500 774382 4.6804
-33400 766572 4.74313
-33300 756765 4.81808
-33200 746821 4.94564
-33100 734084 4.99981
-33000 717542 4.99963
-32900 698521 4.99984
-32800 667829 4.99988
-32700 633710 4.99997
-32600 588209 4.99981
-32500 536910 4.99991
-32400 483055 4.99991
-32300 427464 4.99978
-32200 371988 4.99991
-32100 321809 4.99997
-32000 276254 4.99991
-31900 234788 4.99997
-31800 200180 4.99994
-31700 169728 4.99966
-31600 145792 4.99984
-31500 124150 4.99997
-31400 106115 4.99934
-31300 91890 4.99991
-31200 79589 4.99994
-31100 68853 4.99978
-31000 60102 4.99978
-30900 52572 4.99997
-30800 46177 4.99991
-30700 40394 4.99997
-30600 35321 4.99991
-30500 31034 4.99997
-30400 26927 4.99997
-30300 23726 5
-30200 0 5
