E h_E T_E at t = 40000000 f-1 = 0.000250000000000; edges: 4 47 (-37500.000000 -33200.000000); nbins = 78; mean = 440627.272727; fluctuation = 0.375470; flat = 0; low-end flattening = 0; converged = 0
-37900 0 2.4
-37800 69807 2.40001
-37700 131649 2.40002
-37600 206543 2.40003
-37500 275185 2.40001
-37400 323599 2.40001
-37300 352206 2.40008
-37200 369066 2.40156
-37100 379590 2.48834
-37000 389280 2.52867
-36900 399779 2.57615
-36800 409126 2.65145
-36700 418644 2.71828
-36600 427533 2.79224
-36500 434584 2.82825
-36400 441606 2.90279
-36300 446318 2.96631
-36200 452462 2.97876
-36100 458919 3.05397
-36000 464862 3.15555
-35900 468232 3.20092
-35800 473390 3.26204
-35700 476237 3.32649
-35600 480956 3.35719
-35500 483661 3.44065
-35400 486045 3.51788
-35300 487409 3.59955
-35200 487760 3.65611
-35100 488285 3.66428
-35000 489513 3.77201
-34900 488204 3.85503
-34800 487445 3.90697
-34700 483641 3.98329
-34600 483585 4.02586
-34500 480071 4.09889
-34400 477540 4.14596
-34300 473525 4.25221
-34200 466758 4.31453
-34100 461849 4.33635
-34000 456643 4.44233
-33900 449247 4.51241
-33800 443053 4.5604
-33700 434038 4.65637
-33600 425143 4.65104
-33500 416880 4.67209
-33400 408362 4.76687
-33300 398423 4.80838
-33200 388946 4.88921
-33100 377609 4.99136
-33000 364935 5
-32900 350858 4.99988
-32800 332776 4.99947
-32700 313081 4.99966
-32600 288099 5
-32500 261864 4.99994
-32400 233601 4.99994
-32300 205835 4.99997
-32200 178043 4.99997
-32100 153345 4.99997
-32000 131640 4.99994
-31900 111174 4.99997
-31800 94884 4.99994
-31700 80090 4.99972
-31600 69062 4.99988
-31500 58735 4.99997
-31400 50479 4.99988
-31300 43685 4.99997
-31200 37848 4.99991
-31100 32943 4.99988
-31000 28678 4.99981
-30900 25291 4.99981
-30800 21990 4.99981
-30700 19352 4.99997
-30600 16855 4.99997
-30500 14789 4.99981
-30400 12819 4.99984
-30300 11231 5
-30200 0 5
