E h_E T_E at t = 50000000 f-1 = 0.000250000000000; edges: 4 47 (-37500.000000 -33200.000000); nbins = 78; mean = 616368.909091; fluctuation = 0.349098; flat = 0; low-end flattening = 0; converged = 0
-37900 0 2.4
-37800 101349 2.40001
-37700 191259 2.40004
-37600 300276 2.40001
-37500 401196 2.40001
-37400 472629 2.40003
-37300 515083 2.40024
-37200 537795 2.40041
-37100 550724 2.46657
-37000 560847 2.5142
-36900 572734 2.55778
-36800 582923 2.62975
-36700 594089 2.70476
-36600 602801 2.78321
-36500 610959 2.81277
-36400 618431 2.89142
-36300 623777 2.9581
-36200 630036 2.97583
-36100 636642 3.0396
-36000 643674 3.14916
-35900 646470 3.20548
-35800 651847 3.25025
-35700 655365 3.32154
-35600 659771 3.36008
-35500 662584 3.43
-35400 665582 3.51924
-35300 666244 3.60078
-35200 667221 3.64507
-35100 667783 3.65207
-35000 669704 3.76365
-34900 668173 3.85226
-34800 667785 3.89994
-34700 663979 3.99676
-34600 663248 4.03087
-34500 660162 4.10297
-34400 657009 4.16521
-34300 652724 4.25225
-34200 646225 4.2899
-34100 642113 4.34438
-34000 635769 4.46096
-33900 628759 4.49194
-33800 622987 4.56405
-33700 613410 4.66471
-33600 604770 4.66931
-33500 595579 4.70196
-33400 586901 4.76647
-33300 577136 4.83432
-33200 566592 4.95538
-33100 554137 4.99838
-33000 539608 4.99988
-32900 522656 4.99956
-32800 498228 4.99934
-32700 472020 4.99988
-32600 436479 4.99966
-32500 397856 4.99978
-32400 357763 4.99997
-32300 315823 4.99984
-32200 274064 4.99966
-32100 237280 4.99991
-32000 203589 4.99994
-31900 172535 4.99997
-31800 146995 4.99997
-31700 124509 4.99984
-31600 106938 4.99984
-31500 91129 4.99997
-31400 78064 4.99997
-31300 67532 4.99984
-31200 58376 4.99966
-31100 50537 4.99997
-31000 44123 4.99981
-30900 38822 4.99966
-30800 33910 4.99963
-30700 29786 4.99994
-30600 25910 4.99997
-30500 22804 4.99997
-30400 19770 4.99944
-30300 17424 5
-30200 0 5
