E h_E T_E at t = 35000000 f-1 = 0.000250000000000; edges: 4 47 (-37500.000000 -33200.000000); nbins = 78; mean = 353532.681818; fluctuation = 0.390328; flat = 0; low-end flattening = 0; converged = 0
-37900 0 2.4
-37800 55768 2.40001
-37700 104085 2.40001
-37600 162171 2.40005
-37500 215539 2.40009
-37400 253457 2.40005
-37300 276421 2.40044
-37200 290887 2.40651
-37100 301035 2.49504
-37000 310237 2.5351
-36900 320422 2.5862
-36800 328876 2.66792
-36700 337424 2.73756
-36600 345210 2.80541
-36500 352019 2.83693
-36400 358417 2.9158
-36300 362524 2.97401
-36200 368575 2.98545
-36100 374523 3.07036
-36000 379576 3.17344
-35900 382407 3.21578
-35800 386949 3.27076
-35700 389758 3.33005
-35600 394258 3.37384
-35500 396006 3.46463
-35400 397738 3.53056
-35300 398937 3.61221
-35200 398674 3.67322
-35100 398794 3.67631
-35000 399713 3.7983
-34900 397245 3.87384
-34800 396637 3.90053
-34700 393020 4.00194
-34600 391841 4.05582
-34500 387982 4.11871
-34400 384857 4.18666
-34300 379560 4.26636
-34200 373451 4.31037
-34100 368063 4.35625
-34000 362493 4.46691
-33900 354470 4.54401
-33800 347670 4.56827
-33700 338959 4.65231
-33600 329910 4.65445
-33500 321675 4.66503
-33400 313388 4.7822
-33300 302680 4.83193
-33200 293161 4.88098
-33100 282142 4.97791
-33000 270323 4.99997
-32900 258197 4.99938
-32800 243059 4.99997
-32700 227882 4.99997
-32600 208518 5
-32500 189101 4.99997
-32400 168752 4.99997
-32300 148746 4.99997
-32200 128842 4.99975
-32100 111499 4.99991
-32000 95519 4.99981
-31900 81085 4.99997
-31800 69941 4.99997
-31700 58986 4.99997
-31600 51003 4.99984
-31500 43347 4.99981
-31400 37279 4.99997
-31300 32442 4.99991
-31200 28073 4.99988
-31100 24522 4.99997
-31000 21392 4.99944
-30900 18884 4.99984
-30800 16363 4.99997
-30700 14276 4.99994
-30600 12539 4.99997
-30500 10819 4.99981
-30400 9528 4.9995
-30300 8324 5
-30200 0 5
