E h_E T_E at t = 90000000 f-1 = 0.000250000000000; edges: 4 47 (-37500.000000 -33200.000000); nbins = 78; mean = 1315500.681818; fluctuation = 0.300488; flat = 0; low-end flattening = 0; converged = 0
-37900 0 2.4
-37800 228639 2.40001
-37700 432736 2.40002
-37600 683642 2.40001
-37500 920208 2.40005
-37400 1.09345e+06 2.40001
-37300 1.18957e+06 2.40001
-37200 1.23194e+06 2.40024
-37100 1.2477e+06 2.45527
-37000 1.25648e+06 2.51039
-36900 1.2702e+06 2.54123
-36800 1.28059e+06 2.63458
-36700 1.29099e+06 2.695
-36600 1.30154e+06 2.76227
-36500 1.31004e+06 2.79433
-36400 1.31905e+06 2.8699
-36300 1.32494e+06 2.94202
-36200 1.33213e+06 2.97057
-36100 1.33828e+06 3.01708
-36000 1.34773e+06 3.11596
-35900 1.35081e+06 3.20272
-35800 1.35612e+06 3.2239
-35700 1.36172e+06 3.30003
-35600 1.36562e+06 3.38771
-35500 1.367e+06 3.4057
-35400 1.37309e+06 3.48684
-35300 1.37277e+06 3.60245
-35200 1.37463e+06 3.60464
-35100 1.37677e+06 3.65815
-35000 1.37675e+06 3.76855
-34900 1.37688e+06 3.80964
-34800 1.37715e+06 3.87476
-34700 1.37402e+06 4.00464
-34600 1.37222e+06 4.04809
-34500 1.36936e+06 4.06774
-34400 1.36767e+06 4.12355
-34300 1.36386e+06 4.24024
-34200 1.35742e+06 4.32183
-34100 1.35188e+06 4.32727
-34000 1.34769e+06 4.4256
-33900 1.33995e+06 4.53017
-33800 1.33341e+06 4.54042
-33700 1.32552e+06 4.61108
-33600 1.31718e+06 4.68256
-33500 1.3072e+06 4.72437
-33400 1.29851e+06 4.72247
-33300 1.29032e+06 4.7348
-33200 1.28168e+06 4.97244
-33100 1.26677e+06 4.997
-33000 1.24712e+06 4.99913
-32900 1.22082e+06 4.99894
-32800 1.17292e+06 4.99953
-32700 1.11604e+06 4.99975
-32600 1.04097e+06 5
-32500 954854 4.99997
-32400 861932 4.99997
-32300 765048 4.99997
-32200 668105 4.99994
-32100 579062 4.99997
-32000 497351 4.99997
-31900 423294 4.99994
-31800 360835 4.99997
-31700 305851 4.99994
-31600 261703 4.99997
-31500 223417 4.99978
-31400 191604 4.99988
-31300 164818 4.99988
-31200 143461 4.99975
-31100 124063 4.99997
-31000 108239 4.99991
-30900 94846 4.99994
-30800 82879 4.99997
-30700 72224 4.99981
-30600 63364 4.99959
-30500 55571 4.99994
-30400 48581 4.99997
-30300 42557 5
-30200 0 5
