E h_E T_E at t = 15000000 f-1 = 0.000250000000000; edges: 4 47 (-37500.000000 -33200.000000); nbins = 78; mean = 0.000000; fluctuation = -1.000000; flat = 0; low-end flattening = 1; converged = 0
-37900 0 2.44684
-37800 0 2.44684
-37700 0 2.447
-37600 0 2.44716
-37500 0 2.46154
-37400 0 2.51812
-37300 0 2.5815
-37200 0 2.63526
-37100 0 2.68769
-37000 0 2.73279
-36900 0 2.78037
-36800 0 2.85687
-36700 0 2.92736
-36600 0 2.97475
-36500 0 2.99056
-36400 0 3.04431
-36300 0 3.10358
-36200 0 3.13735
-36100 0 3.21217
-36000 0 3.28215
-35900 0 3.31236
-35800 0 3.36463
-35700 0 3.42484
-35600 0 3.4575
-35500 0 3.50712
-35400 0 3.55741
-35300 0 3.60787
-35200 0 3.65036
-35100 0 3.67903
-35000 0 3.74059
-34900 0 3.77717
-34800 0 3.79786
-34700 0 3.87201
-34600 0 3.90548
-34500 0 3.92662
-34400 0 3.96221
-34300 0 3.97688
-34200 0 4.01095
-34100 0 4.05895
-34000 0 4.09087
-33900 0 4.12876
-33800 0 4.14268
-33700 0 4.16214
-33600 0 4.17286
-33500 0 4.19901
-33400 0 4.24139
-33300 0 4.25323
-33200 0 4.29238
-33100 0 4.32365
-33000 0 4.35161
-32900 0 4.3766
-32800 0 4.39589
-32700 0 4.43436
-32600 0 4.44201
-32500 0 4.47874
-32400 0 4.50916
-32300 0 4.55552
-32200 0 4.58889
-32100 0 4.63493
-32000 0 4.67113
-31900 0 4.66142
-31800 0 4.72816
-31700 0 4.73757
-31600 0 4.76105
-31500 0 4.79567
-31400 0 4.83564
-31300 0 4.90729
-31200 0 4.93441
-31100 0 4.99997
-31000 0 4.99981
-30900 0 4.99975
-30800 0 4.99991
-30700 0 4.99997
-30600 0 4.99984
-30500 0 4.99988
-30400 0 4.99997
-30300 0 5
-30200 0 5
