E h_E T_E at t = 70000000 f-1 = 0.000250000000000; edges: 4 47 (-37500.000000 -33200.000000); nbins = 78; mean = 965909.250000; fluctuation = 0.316258; flat = 0; low-end flattening = 0; converged = 0
-37900 0 2.4
-37800 164930 2.40001
-37700 312381 2.40001
-37600 491977 2.40001
-37500 660433 2.40004
-37400 781785 2.40004
-37300 850561 2.40005
-37200 882230 2.40151
-37100 896301 2.4603
-37000 906108 2.50674
-36900 919259 2.55174
-36800 928925 2.63515
-36700 939991 2.69641
-36600 949719 2.77197
-36500 958026 2.79256
-36400 967407 2.86608
-36300 973291 2.95703
-36200 979110 2.97942
-36100 985832 3.0171
-36000 994711 3.11895
-35900 998121 3.19635
-35800 1.0036e+06 3.23535
-35700 1.00815e+06 3.30852
-35600 1.01247e+06 3.36024
-35500 1.01536e+06 3.42088
-35400 1.0189e+06 3.50658
-35300 1.01984e+06 3.58209
-35200 1.0217e+06 3.62102
-35100 1.02284e+06 3.66966
-35000 1.02313e+06 3.76766
-34900 1.023e+06 3.80209
-34800 1.02396e+06 3.87747
-34700 1.01999e+06 4.00894
-34600 1.01881e+06 4.02886
-34500 1.01628e+06 4.07346
-34400 1.01398e+06 4.13871
-34300 1.01007e+06 4.2488
-34200 1.00335e+06 4.31735
-34100 998271 4.33449
-34000 993317 4.44732
-33900 985467 4.49222
-33800 980524 4.51753
-33700 971923 4.65599
-33600 962628 4.68646
-33500 953465 4.69904
-33400 944865 4.7397
-33300 935970 4.78254
-33200 926348 4.94371
-33100 913352 4.99938
-33000 896040 4.99703
-32900 873685 4.99969
-32800 837700 4.99994
-32700 795473 4.99984
-32600 739453 4.99972
-32500 676419 4.99991
-32400 609091 4.99972
-32300 539742 4.99978
-32200 469999 4.99994
-32100 406934 4.99997
-32000 349198 4.99991
-31900 296677 4.99994
-31800 252835 4.99997
-31700 214684 4.99997
-31600 183549 4.99994
-31500 156537 4.99984
-31400 134217 4.99997
-31300 115781 4.99997
-31200 100360 4.99984
-31100 87047 4.99994
-31000 76096 4.99997
-30900 66543 4.99994
-30800 58397 4.99994
-30700 51034 4.99975
-30600 44783 4.99984
-30500 39182 4.99994
-30400 34132 4.99994
-30300 30009 5
-30200 0 5
