E h_E T_E at t = 80000000 f-1 = 0.000250000000000; edges: 4 47 (-37500.000000 -33200.000000); nbins = 78; mean = 1139582.181818; fluctuation = 0.307218; flat = 0; low-end flattening = 0; converged = 0
-37900 0 2.4
-37800 196035 2.40001
-37700 372362 2.40001
-37600 587455 2.40001
-37500 789482 2.40001
-37400 936517 2.40003
-37300 1.01802e+06 2.40001
-37200 1.05369e+06 2.40037
-37100 1.06888e+06 2.4632
-37000 1.07718e+06 2.51149
-36900 1.09123e+06 2.5455
-36800 1.10077e+06 2.63521
-36700 1.11196e+06 2.6895
-36600 1.12233e+06 2.77083
-36500 1.13011e+06 2.78827
-36400 1.14046e+06 2.86294
-36300 1.14568e+06 2.9531
-36200 1.15252e+06 2.97335
-36100 1.15877e+06 3.02057
-36000 1.16782e+06 3.1203
-35900 1.17095e+06 3.19341
-35800 1.17693e+06 3.22147
-35700 1.18204e+06 3.30819
-35600 1.18583e+06 3.35918
-35500 1.18932e+06 3.3932
-35400 1.19417e+06 3.49656
-35300 1.19446e+06 3.59373
-35200 1.19624e+06 3.61045
-35100 1.1981e+06 3.65056
-35000 1.19882e+06 3.74794
-34900 1.19938e+06 3.80104
-34800 1.1997e+06 3.86892
-34700 1.19684e+06 3.98278
-34600 1.19586e+06 4.04422
-34500 1.19236e+06 4.07387
-34400 1.19102e+06 4.10203
-34300 1.18788e+06 4.24042
-34200 1.18076e+06 4.32059
-34100 1.17595e+06 4.3043
-34000 1.17202e+06 4.41515
-33900 1.16446e+06 4.49881
-33800 1.15896e+06 4.51922
-33700 1.15084e+06 4.61419
-33600 1.14262e+06 4.68824
-33500 1.13232e+06 4.71626
-33400 1.12424e+06 4.69515
-33300 1.11643e+06 4.72613
-33200 1.10772e+06 4.95611
-33100 1.09341e+06 4.99988
-33000 1.07547e+06 4.99753
-32900 1.05147e+06 4.99919
-32800 1.00966e+06 4.99994
-32700 960113 4.99963
-32600 894960 4.99956
-32500 819751 4.99981
-32400 739632 4.99972
-32300 655941 4.99997
-32200 572006 4.99984
-32100 495609 4.99966
-32000 425105 4.99997
-31900 361635 4.99991
-31800 307870 4.99984
-31700 260797 4.99997
-31600 223254 4.99994
-31500 190425 4.99991
-31400 163125 4.99994
-31300 140614 4.99991
-31200 122079 4.99997
-31100 105848 4.99984
-31000 92395 4.99991
-30900 80615 4.99997
-30800 70704 4.99988
-30700 61828 4.99991
-30600 54157 4.99991
-30500 47546 4.99978
-30400 41524 4.99997
-30300 36445 5
-30200 0 5
