E h_E T_E at t = 20000000 f-1 = 0.000250000000000; edges: 4 47 (-37500.000000 -33200.000000); nbins = 78; mean = 79243.409091; fluctuation = 0.449935; flat = 0; low-end flattening = 0; converged = 0
-37900 0 2.4
-37800 12889 2.40001
-37700 22450 2.40001
-37600 33134 2.40001
-37500 43589 2.40003
-37400 52630 2.40012
-37300 59533 2.44426
-37200 65354 2.5148
-37100 69831 2.58072
-37000 74058 2.62361
-36900 78571 2.68101
-36800 81756 2.76168
-36700 85392 2.83398
-36600 88146 2.90539
-36500 90173 2.9198
-36400 93349 2.98018
-36300 94750 3.04846
-36200 96936 3.08583
-36100 98031 3.18229
-36000 98772 3.25408
-35900 99667 3.29594
-35800 100094 3.3682
-35700 99941 3.42629
-35600 100654 3.46326
-35500 100066 3.53803
-35400 99343 3.60659
-35300 98220 3.6571
-35200 97560 3.70743
-35100 96067 3.73685
-35000 95073 3.82081
-34900 93277 3.88417
-34800 91448 3.8987
-34700 89148 3.9906
-34600 87220 4.04745
-34500 84518 4.08385
-34400 81894 4.1307
-34300 78685 4.15399
-34200 75561 4.19149
-34100 72453 4.25377
-34000 69028 4.32272
-33900 64835 4.35787
-33800 61726 4.37792
-33700 56939 4.42492
-33600 52804 4.42668
-33500 48500 4.44851
-33400 44630 4.48567
-33300 40565 4.51763
-33200 35923 4.54703
-33100 32066 4.53183
-33000 28906 4.55353
-32900 25523 4.57043
-32800 22590 4.56209
-32700 20171 4.5861
-32600 17847 4.57459
-32500 15787 4.61155
-32400 13568 4.62595
-32300 12140 4.64758
-32200 10725 4.67375
-32100 9471 4.70891
-32000 8367 4.7381
-31900 7438 4.7149
-31800 6742 4.777
-31700 6075 4.78283
-31600 5488 4.80341
-31500 4815 4.83587
-31400 4344 4.87008
-31300 3835 4.94231
-31200 3376 4.96291
-31100 3049 4.99994
-31000 2703 4.99984
-30900 2343 4.99975
-30800 2110 4.99991
-30700 1786 4.99997
-30600 1607 4.99997
-30500 1302 4.99994
-30400 1205 4.99956
-30300 1059 5
-30200 0 5
