E h_E T_E at t = 85000000 f-1 = 0.000250000000000; edges: 4 47 (-37500.000000 -33200.000000); nbins = 78; mean = 1227720.295455; fluctuation = 0.303346; flat = 0; low-end flattening = 0; converged = 0
-37900 0 2.4
-37800 212536 2.40001
-37700 402979 2.40001
-37600 635941 2.40007
-37500 855296 2.40008
-37400 1.01565e+06 2.40001
-37300 1.1045e+06 2.40001
-37200 1.14349e+06 2.40048
-37100 1.15969e+06 2.45848
-37000 1.16761e+06 2.51458
-36900 1.18165e+06 2.54003
-36800 1.19187e+06 2.63382
-36700 1.20253e+06 2.69325
-36600 1.21301e+06 2.76981
-36500 1.22079e+06 2.79499
-36400 1.23045e+06 2.86619
-36300 1.23605e+06 2.94893
-36200 1.2429e+06 2.97116
-36100 1.24934e+06 3.01782
-36000 1.25843e+06 3.12094
-35900 1.26146e+06 3.19346
-35800 1.26754e+06 3.21967
-35700 1.27269e+06 3.31051
-35600 1.27627e+06 3.3812
-35500 1.27843e+06 3.4038
-35400 1.28388e+06 3.48953
-35300 1.28402e+06 3.59121
-35200 1.28611e+06 3.60843
-35100 1.28779e+06 3.66158
-35000 1.28802e+06 3.75817
-34900 1.28849e+06 3.81825
-34800 1.28796e+06 3.87803
-34700 1.28546e+06 3.98871
-34600 1.28382e+06 4.04833
-34500 1.28078e+06 4.06917
-34400 1.2792e+06 4.11977
-34300 1.27546e+06 4.24869
-34200 1.26858e+06 4.31581
-34100 1.26373e+06 4.32001
-34000 1.25916e+06 4.43819
-33900 1.2513e+06 4.51615
-33800 1.24542e+06 4.53014
-33700 1.23726e+06 4.62029
-33600 1.22886e+06 4.68506
-33500 1.21885e+06 4.72448
-33400 1.21018e+06 4.7109
-33300 1.20239e+06 4.73508
-33200 1.19334e+06 4.97491
-33100 1.17876e+06 4.99572
-33000 1.16002e+06 4.99984
-32900 1.13516e+06 4.99978
-32800 1.08995e+06 4.99975
-32700 1.03707e+06 4.99978
-32600 966791 4.99997
-32500 886516 4.99997
-32400 800256 4.99966
-32300 710285 4.99997
-32200 619677 4.99988
-32100 536947 4.99956
-32000 461149 4.99997
-31900 392377 4.99994
-31800 334402 4.99978
-31700 283187 4.99997
-31600 242530 4.99972
-31500 206931 4.99984
-31400 177436 4.99997
-31300 152671 4.99981
-31200 132804 4.99994
-31100 115025 4.99997
-31000 100364 4.99984
-30900 87823 4.99988
-30800 76934 4.99997
-30700 67147 4.99991
-30600 58884 4.99988
-30500 51599 4.99994
-30400 44997 4.99984
-30300 39551 5
-30200 0 5
