E h_E T_E at t = 55000000 f-1 = 0.000250000000000; edges: 4 47 (-37500.000000 -33200.000000); nbins = 78; mean = 703998.000000; fluctuation = 0.339201; flat = 0; low-end flattening = 0; converged = 0
-37900 0 2.4
-37800 117469 2.40001
-37700 221391 2.40001
-37600 347364 2.40001
-37500 465201 2.40002
-37400 548985 2.40009
-37300 598970 2.40013
-37200 624627 2.40011
-37100 638293 2.46373
-37000 648052 2.51102
-36900 660707 2.55487
-36800 670485 2.63374
-36700 681602 2.70072
-36600 690805 2.77764
-36500 699048 2.81463
-36400 706247 2.89189
-36300 711821 2.95485
-36200 718149 2.97036
-36100 725181 3.03566
-36000 732129 3.15035
-35900 734913 3.20043
-35800 740696 3.24265
-35700 744385 3.31586
-35600 749033 3.35993
-35500 751615 3.42784
-35400 754991 3.51576
-35300 755500 3.60664
-35200 756269 3.64766
-35100 756883 3.66348
-35000 758070 3.77059
-34900 756882 3.83043
-34800 757335 3.8911
-34700 753154 4.00633
-34600 752320 4.03
-34500 749380 4.09422
-34400 746498 4.17055
-34300 741696 4.26011
-34200 735367 4.29722
-34100 730767 4.34629
-34000 724830 4.47038
-33900 717035 4.49914
-33800 711763 4.55498
-33700 702035 4.67345
-33600 693225 4.68393
-33500 683669 4.6979
-33400 675503 4.7408
-33300 666135 4.82072
-33200 655661 4.95495
-33100 643150 4.99526
-33000 627625 4.99872
-32900 609418 4.99884
-32800 582017 4.99856
-32700 551610 4.99944
-32600 511382 5
-32500 466552 4.99997
-32400 420064 4.99922
-32300 371333 4.99972
-32200 322587 4.99994
-32100 279286 4.99997
-32000 239731 4.99997
-31900 203358 4.99991
-31800 173549 4.99988
-31700 147181 4.99997
-31600 126230 4.99991
-31500 107501 4.99997
-31400 91988 4.99991
-31300 79492 4.99994
-31200 68857 4.99997
-31100 59530 4.99972
-31000 51939 4.99997
-30900 45552 4.99988
-30800 39972 4.99978
-30700 34975 4.99997
-30600 30658 4.99991
-30500 26808 4.99988
-30400 23290 4.99978
-30300 20513 5
-30200 0 5
