E h_E T_E at t = 30000000 f-1 = 0.000250000000000; edges: 4 47 (-37500.000000 -33200.000000); nbins = 78; mean = 265773.909091; fluctuation = 0.411218; flat = 0; low-end flattening = 0; converged = 0
-37900 0 2.4
-37800 42019 2.40001
-37700 77129 2.40001
-37600 118624 2.40001
-37500 156483 2.40011
-37400 184744 2.40015
-37300 203128 2.40017
-37200 215520 2.42663
-37100 224986 2.50322
-37000 233822 2.55265
-36900 242203 2.6094
-36800 249710 2.68704
-36700 257072 2.75992
-36600 263676 2.82712
-36500 269477 2.85183
-36400 275410 2.93134
-36300 278527 2.99578
-36200 283613 3.00384
-36100 288885 3.08704
-36000 293206 3.19209
-35900 295296 3.23634
-35800 298999 3.28957
-35700 301248 3.34993
-35600 304882 3.39829
-35500 305790 3.48702
-35400 306879 3.55267
-35300 307311 3.63165
-35200 306629 3.68769
-35100 306313 3.6942
-35000 306614 3.81501
-34900 303841 3.90148
-34800 302075 3.92552
-34700 298310 4.01111
-34600 296822 4.06553
-34500 292801 4.13147
-34400 289238 4.20313
-34300 283630 4.25366
-34200 278392 4.29607
-34100 272751 4.36555
-34000 267043 4.47271
-33900 258926 4.51794
-33800 253236 4.53515
-33700 244694 4.643
-33600 235821 4.65898
-33500 227243 4.64858
-33400 219906 4.74274
-33300 209640 4.84419
-33200 199260 4.8916
-33100 188746 4.9249
-33000 178152 4.97473
-32900 167326 4.99956
-32800 155855 4.99906
-32700 144462 4.99972
-32600 131113 5
-32500 118081 4.99938
-32400 105278 4.99966
-32300 93129 4.99991
-32200 80785 4.99997
-32100 70170 4.99988
-32000 60636 4.99994
-31900 51501 4.99997
-31800 44896 4.99997
-31700 37927 4.99997
-31600 33267 5
-31500 28417 5
-31400 24664 4.99997
-31300 21606 4.99994
-31200 18716 4.99997
-31100 16477 4.99994
-31000 14386 4.99991
-30900 12690 4.99966
-30800 11155 4.99984
-30700 9573 4.99997
-30600 8534 4.99997
-30500 7208 4.99984
-30400 6420 4.99997
-30300 5540 5
-30200 0 5
