E h_E T_E at t = 45000000 f-1 = 0.000250000000000; edges: 4 47 (-37500.000000 -33200.000000); nbins = 78; mean = 527482.613636; fluctuation = 0.361065; flat = 0; low-end flattening = 0; converged = 0
-37900 0 2.4
-37800 84341 2.40001
-37700 160195 2.40001
-37600 252209 2.40001
-37500 337027 2.40002
-37400 396051 2.40008
-37300 430429 2.40024
-37200 449374 2.40015
-37100 460645 2.48289
-37000 470294 2.52393
-36900 481429 2.56337
-36800 491688 2.63615
-36700 502046 2.70749
-36600 511268 2.78049
-36500 519197 2.81438
-36400 526735 2.8949
-36300 531683 2.96311
-36200 537882 2.97272
-36100 544829 3.04182
-36000 551328 3.14422
-35900 555056 3.20012
-35800 559919 3.25261
-35700 563772 3.31377
-35600 568408 3.35788
-35500 571147 3.42704
-35400 574421 3.50701
-35300 575600 3.59819
-35200 576220 3.63363
-35100 577830 3.65121
-35000 578755 3.76222
-34900 578301 3.84207
-34800 577387 3.8976
-34700 574230 3.97074
-34600 574162 4.02157
-34500 570872 4.1023
-34400 567955 4.15121
-34300 564082 4.24182
-34200 557634 4.29199
-34100 553380 4.32269
-34000 548102 4.43975
-33900 540883 4.50089
-33800 534966 4.55531
-33700 525870 4.63987
-33600 517667 4.64602
-33500 508898 4.69512
-33400 500046 4.75718
-33300 490783 4.79817
-33200 480984 4.89858
-33100 469656 4.99329
-33000 456886 4.99969
-32900 441842 4.99956
-32800 420838 4.99984
-32700 398046 4.99978
-32600 367489 4.99928
-32500 334756 4.99931
-32400 300048 4.99919
-32300 264267 4.99966
-32200 228506 4.99978
-32100 197295 4.99988
-32000 169131 4.99959
-31900 142586 4.99966
-31800 121600 4.99975
-31700 102629 4.99913
-31600 88217 4.99975
-31500 74793 4.99997
-31400 64111 4.99994
-31300 55229 4.99994
-31200 47998 4.99997
-31100 41474 4.99997
-31000 36112 4.99991
-30900 31960 4.99994
-30800 27945 4.99991
-30700 24479 4.99997
-30600 21305 4.99997
-30500 18804 4.99988
-30400 16285 4.99997
-30300 14421 5
-30200 0 5
