# # Time (ps)	Density (kg/m^3)
0.000000000000000000e+00 7.078503417968750000e+02
1.000000000000000000e+01 7.302135009765625000e+02
2.000000000000000000e+01 7.139154052734375000e+02
3.000000000000000000e+01 7.279131469726562500e+02
4.000000000000000000e+01 7.214625244140625000e+02
5.000000000000000000e+01 7.225646362304687500e+02
6.000000000000000000e+01 7.183114624023437500e+02
7.000000000000000000e+01 7.209686279296875000e+02
8.000000000000000000e+01 7.194382324218750000e+02
9.000000000000000000e+01 7.314284057617187500e+02
1.000000000000000000e+02 7.222199096679687500e+02
1.100000000000000000e+02 7.327229614257812500e+02
1.200000000000000000e+02 7.244166870117187500e+02
1.300000000000000000e+02 7.168121948242187500e+02
1.400000000000000000e+02 7.100833129882812500e+02
1.500000000000000000e+02 7.138796386718750000e+02
1.600000000000000000e+02 7.316359252929687500e+02
1.700000000000000000e+02 7.315904541015625000e+02
1.800000000000000000e+02 7.332955932617187500e+02
1.900000000000000000e+02 7.174733886718750000e+02
2.000000000000000000e+02 7.289797363281250000e+02
2.100000000000000000e+02 7.342580566406250000e+02
2.200000000000000000e+02 7.187655029296875000e+02
2.300000000000000000e+02 7.293623046875000000e+02
2.400000000000000000e+02 7.215595092773437500e+02
2.500000000000000000e+02 7.321920776367187500e+02
2.600000000000000000e+02 7.345356445312500000e+02
2.700000000000000000e+02 7.440301513671875000e+02
2.800000000000000000e+02 7.301257934570312500e+02
2.900000000000000000e+02 7.378569946289062500e+02
3.000000000000000000e+02 7.274539184570312500e+02
3.100000000000000000e+02 7.294766235351562500e+02
3.200000000000000000e+02 7.206609497070312500e+02
3.300000000000000000e+02 7.182052612304687500e+02
3.400000000000000000e+02 7.295628051757812500e+02
3.500000000000000000e+02 7.378422241210937500e+02
3.600000000000000000e+02 7.321411743164062500e+02
3.700000000000000000e+02 7.397048339843750000e+02
3.800000000000000000e+02 7.349452514648437500e+02
3.900000000000000000e+02 7.382082519531250000e+02
4.000000000000000000e+02 7.336953735351562500e+02
4.100000000000000000e+02 7.348255615234375000e+02
4.200000000000000000e+02 7.326199951171875000e+02
4.300000000000000000e+02 7.293155517578125000e+02
4.400000000000000000e+02 7.302688598632812500e+02
4.500000000000000000e+02 7.358463134765625000e+02
4.600000000000000000e+02 7.235191040039062500e+02
4.700000000000000000e+02 7.364384155273437500e+02
4.800000000000000000e+02 7.325408325195312500e+02
4.900000000000000000e+02 7.248295288085937500e+02
5.000000000000000000e+02 7.220898437500000000e+02
5.100000000000000000e+02 7.221688842773437500e+02
5.200000000000000000e+02 7.195242309570312500e+02
5.300000000000000000e+02 7.154893798828125000e+02
5.400000000000000000e+02 7.292947998046875000e+02
5.500000000000000000e+02 7.283933715820312500e+02
5.600000000000000000e+02 7.301908569335937500e+02
5.700000000000000000e+02 7.326758422851562500e+02
5.800000000000000000e+02 7.332655639648437500e+02
5.900000000000000000e+02 7.330682983398437500e+02
6.000000000000000000e+02 7.264051513671875000e+02
6.100000000000000000e+02 7.340576171875000000e+02
6.200000000000000000e+02 7.234714965820312500e+02
6.300000000000000000e+02 7.369362182617187500e+02
6.400000000000000000e+02 7.342441406250000000e+02
6.500000000000000000e+02 7.323970947265625000e+02
6.600000000000000000e+02 7.376359252929687500e+02
6.700000000000000000e+02 7.345705566406250000e+02
6.800000000000000000e+02 7.299589843750000000e+02
6.900000000000000000e+02 7.392505493164062500e+02
7.000000000000000000e+02 7.263721313476562500e+02
7.100000000000000000e+02 7.307465209960937500e+02
7.200000000000000000e+02 7.424386596679687500e+02
7.300000000000000000e+02 7.174194946289062500e+02
7.400000000000000000e+02 7.247321777343750000e+02
7.500000000000000000e+02 7.197906494140625000e+02
7.600000000000000000e+02 7.221358032226562500e+02
7.700000000000000000e+02 7.136370239257812500e+02
7.800000000000000000e+02 7.403546752929687500e+02
7.900000000000000000e+02 7.321641235351562500e+02
8.000000000000000000e+02 7.348061523437500000e+02
8.100000000000000000e+02 7.292887573242187500e+02
8.200000000000000000e+02 7.284846801757812500e+02
8.300000000000000000e+02 7.305564575195312500e+02
8.400000000000000000e+02 7.262194824218750000e+02
8.500000000000000000e+02 7.306250000000000000e+02
8.600000000000000000e+02 7.295662841796875000e+02
8.700000000000000000e+02 7.301804199218750000e+02
8.800000000000000000e+02 7.200800781250000000e+02
8.900000000000000000e+02 7.229171752929687500e+02
9.000000000000000000e+02 7.233277587890625000e+02
9.100000000000000000e+02 7.249846801757812500e+02
9.200000000000000000e+02 7.396060791015625000e+02
9.300000000000000000e+02 7.349564819335937500e+02
9.400000000000000000e+02 7.396840820312500000e+02
9.500000000000000000e+02 7.259124145507812500e+02
9.600000000000000000e+02 7.351234741210937500e+02
9.700000000000000000e+02 7.314021606445312500e+02
9.800000000000000000e+02 7.380905761718750000e+02
9.900000000000000000e+02 7.307270507812500000e+02
1.000000000000000000e+03 7.254365844726562500e+02
1.010000000000000000e+03 7.226893310546875000e+02
1.020000000000000000e+03 7.245222778320312500e+02
1.030000000000000000e+03 7.300297241210937500e+02
1.040000000000000000e+03 7.388790283203125000e+02
1.050000000000000000e+03 7.274257202148437500e+02
1.060000000000000000e+03 7.327064819335937500e+02
1.070000000000000000e+03 7.213519287109375000e+02
1.080000000000000000e+03 7.261300659179687500e+02
1.090000000000000000e+03 7.346765747070312500e+02
1.100000000000000000e+03 7.241356811523437500e+02
1.110000000000000000e+03 7.213009033203125000e+02
1.120000000000000000e+03 7.162895507812500000e+02
1.130000000000000000e+03 7.222385864257812500e+02
1.140000000000000000e+03 7.234585571289062500e+02
1.150000000000000000e+03 7.282083129882812500e+02
1.160000000000000000e+03 7.261975708007812500e+02
1.170000000000000000e+03 7.268696899414062500e+02
1.180000000000000000e+03 7.383348388671875000e+02
1.190000000000000000e+03 7.429179077148437500e+02
1.200000000000000000e+03 7.344896240234375000e+02
1.210000000000000000e+03 7.330620727539062500e+02
1.220000000000000000e+03 7.285296020507812500e+02
1.230000000000000000e+03 7.357044067382812500e+02
1.240000000000000000e+03 7.248277587890625000e+02
1.250000000000000000e+03 7.229084472656250000e+02
1.260000000000000000e+03 7.249047851562500000e+02
1.270000000000000000e+03 7.109566040039062500e+02
1.280000000000000000e+03 7.235786743164062500e+02
1.290000000000000000e+03 7.224281005859375000e+02
1.300000000000000000e+03 7.254675292968750000e+02
1.310000000000000000e+03 7.275195922851562500e+02
1.320000000000000000e+03 7.295753173828125000e+02
1.330000000000000000e+03 7.302850341796875000e+02
1.340000000000000000e+03 7.281613769531250000e+02
1.350000000000000000e+03 7.295246582031250000e+02
1.360000000000000000e+03 7.231200561523437500e+02
1.370000000000000000e+03 7.257655639648437500e+02
1.380000000000000000e+03 7.287401733398437500e+02
1.390000000000000000e+03 7.278200073242187500e+02
1.400000000000000000e+03 7.400396728515625000e+02
1.410000000000000000e+03 7.427615356445312500e+02
1.420000000000000000e+03 7.294630126953125000e+02
1.430000000000000000e+03 7.247340087890625000e+02
1.440000000000000000e+03 7.247445068359375000e+02
1.450000000000000000e+03 7.322910766601562500e+02
1.460000000000000000e+03 7.305189819335937500e+02
1.470000000000000000e+03 7.265543212890625000e+02
1.480000000000000000e+03 7.375089111328125000e+02
1.490000000000000000e+03 7.389880981445312500e+02
1.500000000000000000e+03 7.288901977539062500e+02
1.510000000000000000e+03 7.313435668945312500e+02
1.520000000000000000e+03 7.348174438476562500e+02
1.530000000000000000e+03 7.188190307617187500e+02
1.540000000000000000e+03 7.273798828125000000e+02
1.550000000000000000e+03 7.238329467773437500e+02
1.560000000000000000e+03 7.294550781250000000e+02
1.570000000000000000e+03 7.457874145507812500e+02
1.580000000000000000e+03 7.401949462890625000e+02
1.590000000000000000e+03 7.352379150390625000e+02
1.600000000000000000e+03 7.330769653320312500e+02
1.610000000000000000e+03 7.441972045898437500e+02
1.620000000000000000e+03 7.348704223632812500e+02
1.630000000000000000e+03 7.409600219726562500e+02
1.640000000000000000e+03 7.448464355468750000e+02
1.650000000000000000e+03 7.397772827148437500e+02
1.660000000000000000e+03 7.383652343750000000e+02
1.670000000000000000e+03 7.349182128906250000e+02
1.680000000000000000e+03 7.444339599609375000e+02
1.690000000000000000e+03 7.354522094726562500e+02
1.700000000000000000e+03 7.290794677734375000e+02
1.710000000000000000e+03 7.336217651367187500e+02
1.720000000000000000e+03 7.395099487304687500e+02
1.730000000000000000e+03 7.350136718750000000e+02
1.740000000000000000e+03 7.351940307617187500e+02
1.750000000000000000e+03 7.411577148437500000e+02
1.760000000000000000e+03 7.348714599609375000e+02
1.770000000000000000e+03 7.240294189453125000e+02
1.780000000000000000e+03 7.293285522460937500e+02
1.790000000000000000e+03 7.364736328125000000e+02
1.800000000000000000e+03 7.371311645507812500e+02
1.810000000000000000e+03 7.310398559570312500e+02
1.820000000000000000e+03 7.337333984375000000e+02
1.830000000000000000e+03 7.414464111328125000e+02
1.840000000000000000e+03 7.354556884765625000e+02
1.850000000000000000e+03 7.428853149414062500e+02
1.860000000000000000e+03 7.246726684570312500e+02
1.870000000000000000e+03 7.417766723632812500e+02
1.880000000000000000e+03 7.331708984375000000e+02
1.890000000000000000e+03 7.404908447265625000e+02
1.900000000000000000e+03 7.393696899414062500e+02
1.910000000000000000e+03 7.368216552734375000e+02
1.920000000000000000e+03 7.430097045898437500e+02
1.930000000000000000e+03 7.428962402343750000e+02
1.940000000000000000e+03 7.301929321289062500e+02
1.950000000000000000e+03 7.349694213867187500e+02
1.960000000000000000e+03 7.299541015625000000e+02
1.970000000000000000e+03 7.424046020507812500e+02
1.980000000000000000e+03 7.399581909179687500e+02
1.990000000000000000e+03 7.391962890625000000e+02
2.000000000000000000e+03 7.354682617187500000e+02
2.010000000000000000e+03 7.338836669921875000e+02
2.020000000000000000e+03 7.198768920898437500e+02
2.030000000000000000e+03 7.253700561523437500e+02
2.040000000000000000e+03 7.239866943359375000e+02
2.050000000000000000e+03 7.432861328125000000e+02
2.060000000000000000e+03 7.369343872070312500e+02
2.070000000000000000e+03 7.288608398437500000e+02
2.080000000000000000e+03 7.324065551757812500e+02
2.090000000000000000e+03 7.334351196289062500e+02
2.100000000000000000e+03 7.240397949218750000e+02
2.110000000000000000e+03 7.285311279296875000e+02
2.120000000000000000e+03 7.257510986328125000e+02
2.130000000000000000e+03 7.312921752929687500e+02
2.140000000000000000e+03 7.384206542968750000e+02
2.150000000000000000e+03 7.307372436523437500e+02
2.160000000000000000e+03 7.389032592773437500e+02
2.170000000000000000e+03 7.375476074218750000e+02
2.180000000000000000e+03 7.344942626953125000e+02
2.190000000000000000e+03 7.474891357421875000e+02
2.200000000000000000e+03 7.331572265625000000e+02
2.210000000000000000e+03 7.414265136718750000e+02
2.220000000000000000e+03 7.457865600585937500e+02
2.230000000000000000e+03 7.303969116210937500e+02
2.240000000000000000e+03 7.379015502929687500e+02
2.250000000000000000e+03 7.406744995117187500e+02
2.260000000000000000e+03 7.354367065429687500e+02
2.270000000000000000e+03 7.320816650390625000e+02
2.280000000000000000e+03 7.379699707031250000e+02
2.290000000000000000e+03 7.320036010742187500e+02
2.300000000000000000e+03 7.365697021484375000e+02
2.310000000000000000e+03 7.375431518554687500e+02
2.320000000000000000e+03 7.417793579101562500e+02
2.330000000000000000e+03 7.442954711914062500e+02
2.340000000000000000e+03 7.381768188476562500e+02
2.350000000000000000e+03 7.482131347656250000e+02
2.360000000000000000e+03 7.532903442382812500e+02
2.370000000000000000e+03 7.414872436523437500e+02
2.380000000000000000e+03 7.361863403320312500e+02
2.390000000000000000e+03 7.330236206054687500e+02
2.400000000000000000e+03 7.280343627929687500e+02
2.410000000000000000e+03 7.326918334960937500e+02
2.420000000000000000e+03 7.416276245117187500e+02
2.430000000000000000e+03 7.391322021484375000e+02
2.440000000000000000e+03 7.439968261718750000e+02
2.450000000000000000e+03 7.336859741210937500e+02
2.460000000000000000e+03 7.298580932617187500e+02
2.470000000000000000e+03 7.393106689453125000e+02
2.480000000000000000e+03 7.264514160156250000e+02
2.490000000000000000e+03 7.378852539062500000e+02
2.500000000000000000e+03 7.359010620117187500e+02
2.510000000000000000e+03 7.166093139648437500e+02
2.520000000000000000e+03 7.275823364257812500e+02
2.530000000000000000e+03 7.333236694335937500e+02
2.540000000000000000e+03 7.358489990234375000e+02
2.550000000000000000e+03 7.277201538085937500e+02
2.560000000000000000e+03 7.430363769531250000e+02
2.570000000000000000e+03 7.420866699218750000e+02
2.580000000000000000e+03 7.303468627929687500e+02
2.590000000000000000e+03 7.469407348632812500e+02
2.600000000000000000e+03 7.555330200195312500e+02
2.610000000000000000e+03 7.483605346679687500e+02
2.620000000000000000e+03 7.396025390625000000e+02
2.630000000000000000e+03 7.353653564453125000e+02
2.640000000000000000e+03 7.355375976562500000e+02
2.650000000000000000e+03 7.426845092773437500e+02
2.660000000000000000e+03 7.438524169921875000e+02
2.670000000000000000e+03 7.372860717773437500e+02
2.680000000000000000e+03 7.336552734375000000e+02
2.690000000000000000e+03 7.427121582031250000e+02
2.700000000000000000e+03 7.420860595703125000e+02
2.710000000000000000e+03 7.346975708007812500e+02
2.720000000000000000e+03 7.375465698242187500e+02
2.730000000000000000e+03 7.449376831054687500e+02
2.740000000000000000e+03 7.392306518554687500e+02
2.750000000000000000e+03 7.408120117187500000e+02
2.760000000000000000e+03 7.447503051757812500e+02
2.770000000000000000e+03 7.451243286132812500e+02
2.780000000000000000e+03 7.334670410156250000e+02
2.790000000000000000e+03 7.387854003906250000e+02
2.800000000000000000e+03 7.322978515625000000e+02
2.810000000000000000e+03 7.400746459960937500e+02
2.820000000000000000e+03 7.436793212890625000e+02
2.830000000000000000e+03 7.379604492187500000e+02
2.840000000000000000e+03 7.396231689453125000e+02
2.850000000000000000e+03 7.378145141601562500e+02
2.860000000000000000e+03 7.444292602539062500e+02
2.870000000000000000e+03 7.428875732421875000e+02
2.880000000000000000e+03 7.409436035156250000e+02
2.890000000000000000e+03 7.574677734375000000e+02
2.900000000000000000e+03 7.362858276367187500e+02
2.910000000000000000e+03 7.509325561523437500e+02
2.920000000000000000e+03 7.430214843750000000e+02
2.930000000000000000e+03 7.392920532226562500e+02
2.940000000000000000e+03 7.396163940429687500e+02
2.950000000000000000e+03 7.528496704101562500e+02
2.960000000000000000e+03 7.464845581054687500e+02
2.970000000000000000e+03 7.477186889648437500e+02
2.980000000000000000e+03 7.382719116210937500e+02
2.990000000000000000e+03 7.292692260742187500e+02
3.000000000000000000e+03 7.391917724609375000e+02
3.010000000000000000e+03 7.365317993164062500e+02
3.020000000000000000e+03 7.423258056640625000e+02
3.030000000000000000e+03 7.404472045898437500e+02
3.040000000000000000e+03 7.416078491210937500e+02
3.050000000000000000e+03 7.319581298828125000e+02
3.060000000000000000e+03 7.407822265625000000e+02
3.070000000000000000e+03 7.400574340820312500e+02
3.080000000000000000e+03 7.386643676757812500e+02
3.090000000000000000e+03 7.371306762695312500e+02
3.100000000000000000e+03 7.467873535156250000e+02
3.110000000000000000e+03 7.534135131835937500e+02
3.120000000000000000e+03 7.367700805664062500e+02
3.130000000000000000e+03 7.350672607421875000e+02
3.140000000000000000e+03 7.279708251953125000e+02
3.150000000000000000e+03 7.344085693359375000e+02
3.160000000000000000e+03 7.459641723632812500e+02
3.170000000000000000e+03 7.333341674804687500e+02
3.180000000000000000e+03 7.334553222656250000e+02
3.190000000000000000e+03 7.405718994140625000e+02
3.200000000000000000e+03 7.332995605468750000e+02
3.210000000000000000e+03 7.415858154296875000e+02
3.220000000000000000e+03 7.396945190429687500e+02
3.230000000000000000e+03 7.351436767578125000e+02
3.240000000000000000e+03 7.307268066406250000e+02
3.250000000000000000e+03 7.300469970703125000e+02
3.260000000000000000e+03 7.280869750976562500e+02
3.270000000000000000e+03 7.269133911132812500e+02
3.280000000000000000e+03 7.326231079101562500e+02
3.290000000000000000e+03 7.414546508789062500e+02
3.300000000000000000e+03 7.342360229492187500e+02
3.310000000000000000e+03 7.170859985351562500e+02
3.320000000000000000e+03 7.307160644531250000e+02
3.330000000000000000e+03 7.422250976562500000e+02
3.340000000000000000e+03 7.364927978515625000e+02
3.350000000000000000e+03 7.430095214843750000e+02
3.360000000000000000e+03 7.502058105468750000e+02
3.370000000000000000e+03 7.375162353515625000e+02
3.380000000000000000e+03 7.211781005859375000e+02
3.390000000000000000e+03 7.410373535156250000e+02
3.400000000000000000e+03 7.501052246093750000e+02
3.410000000000000000e+03 7.490516357421875000e+02
3.420000000000000000e+03 7.316035766601562500e+02
3.430000000000000000e+03 7.491213989257812500e+02
3.440000000000000000e+03 7.423287963867187500e+02
3.450000000000000000e+03 7.426801147460937500e+02
3.460000000000000000e+03 7.413637084960937500e+02
3.470000000000000000e+03 7.332849121093750000e+02
3.480000000000000000e+03 7.337102050781250000e+02
3.490000000000000000e+03 7.330385742187500000e+02
3.500000000000000000e+03 7.413943481445312500e+02
3.510000000000000000e+03 7.375141601562500000e+02
3.520000000000000000e+03 7.364673461914062500e+02
3.530000000000000000e+03 7.426529541015625000e+02
3.540000000000000000e+03 7.436710815429687500e+02
3.550000000000000000e+03 7.348651733398437500e+02
3.560000000000000000e+03 7.334605102539062500e+02
3.570000000000000000e+03 7.326558227539062500e+02
3.580000000000000000e+03 7.397069702148437500e+02
3.590000000000000000e+03 7.331873168945312500e+02
3.600000000000000000e+03 7.351181030273437500e+02
3.610000000000000000e+03 7.390382080078125000e+02
3.620000000000000000e+03 7.311215209960937500e+02
3.630000000000000000e+03 7.348352661132812500e+02
3.640000000000000000e+03 7.373290405273437500e+02
3.650000000000000000e+03 7.410299072265625000e+02
3.660000000000000000e+03 7.295540161132812500e+02
3.670000000000000000e+03 7.286833496093750000e+02
3.680000000000000000e+03 7.358403320312500000e+02
3.690000000000000000e+03 7.431414794921875000e+02
3.700000000000000000e+03 7.376445922851562500e+02
3.710000000000000000e+03 7.374962158203125000e+02
3.720000000000000000e+03 7.329774169921875000e+02
3.730000000000000000e+03 7.320651855468750000e+02
3.740000000000000000e+03 7.412047119140625000e+02
3.750000000000000000e+03 7.373627929687500000e+02
3.760000000000000000e+03 7.257227172851562500e+02
3.770000000000000000e+03 7.276152343750000000e+02
3.780000000000000000e+03 7.454057617187500000e+02
3.790000000000000000e+03 7.322800903320312500e+02
3.800000000000000000e+03 7.409100341796875000e+02
3.810000000000000000e+03 7.294334106445312500e+02
3.820000000000000000e+03 7.368066406250000000e+02
3.830000000000000000e+03 7.335689086914062500e+02
3.840000000000000000e+03 7.359617919921875000e+02
3.850000000000000000e+03 7.260900878906250000e+02
3.860000000000000000e+03 7.269345092773437500e+02
3.870000000000000000e+03 7.432047119140625000e+02
3.880000000000000000e+03 7.359780273437500000e+02
3.890000000000000000e+03 7.349176635742187500e+02
3.900000000000000000e+03 7.312844238281250000e+02
3.910000000000000000e+03 7.296377563476562500e+02
3.920000000000000000e+03 7.378438110351562500e+02
3.930000000000000000e+03 7.309020385742187500e+02
3.940000000000000000e+03 7.403244628906250000e+02
3.950000000000000000e+03 7.372539672851562500e+02
3.960000000000000000e+03 7.288204956054687500e+02
3.970000000000000000e+03 7.234585571289062500e+02
3.980000000000000000e+03 7.400925903320312500e+02
3.990000000000000000e+03 7.254763793945312500e+02
4.000000000000000000e+03 7.428264770507812500e+02
4.010000000000000000e+03 7.438965454101562500e+02
4.020000000000000000e+03 7.302891845703125000e+02
4.030000000000000000e+03 7.426940307617187500e+02
4.040000000000000000e+03 7.315813598632812500e+02
4.050000000000000000e+03 7.308613891601562500e+02
4.060000000000000000e+03 7.372020874023437500e+02
4.070000000000000000e+03 7.386536254882812500e+02
4.080000000000000000e+03 7.289105224609375000e+02
4.090000000000000000e+03 7.210801391601562500e+02
4.100000000000000000e+03 7.449908447265625000e+02
4.110000000000000000e+03 7.403511962890625000e+02
4.120000000000000000e+03 7.410580444335937500e+02
4.130000000000000000e+03 7.371008300781250000e+02
4.140000000000000000e+03 7.416420288085937500e+02
4.150000000000000000e+03 7.390430908203125000e+02
4.160000000000000000e+03 7.380570068359375000e+02
4.170000000000000000e+03 7.342546997070312500e+02
4.180000000000000000e+03 7.383024902343750000e+02
4.190000000000000000e+03 7.410202026367187500e+02
4.200000000000000000e+03 7.428745727539062500e+02
4.210000000000000000e+03 7.357859497070312500e+02
4.220000000000000000e+03 7.387163696289062500e+02
4.230000000000000000e+03 7.433706054687500000e+02
4.240000000000000000e+03 7.415518798828125000e+02
4.250000000000000000e+03 7.214392089843750000e+02
4.260000000000000000e+03 7.380288085937500000e+02
4.270000000000000000e+03 7.392380371093750000e+02
4.280000000000000000e+03 7.393479614257812500e+02
4.290000000000000000e+03 7.413037109375000000e+02
4.300000000000000000e+03 7.413145751953125000e+02
4.310000000000000000e+03 7.436453857421875000e+02
4.320000000000000000e+03 7.257428588867187500e+02
4.330000000000000000e+03 7.405413818359375000e+02
4.340000000000000000e+03 7.396789550781250000e+02
4.350000000000000000e+03 7.302399291992187500e+02
4.360000000000000000e+03 7.310933227539062500e+02
4.370000000000000000e+03 7.238720092773437500e+02
4.380000000000000000e+03 7.198715209960937500e+02
4.390000000000000000e+03 7.312543945312500000e+02
4.400000000000000000e+03 7.232382202148437500e+02
4.410000000000000000e+03 7.328808593750000000e+02
4.420000000000000000e+03 7.276185913085937500e+02
4.430000000000000000e+03 7.327540283203125000e+02
4.440000000000000000e+03 7.308513183593750000e+02
4.450000000000000000e+03 7.326336059570312500e+02
4.460000000000000000e+03 7.244437866210937500e+02
4.470000000000000000e+03 7.335477294921875000e+02
4.480000000000000000e+03 7.265031738281250000e+02
4.490000000000000000e+03 7.300297241210937500e+02
4.500000000000000000e+03 7.471007080078125000e+02
4.510000000000000000e+03 7.414892578125000000e+02
4.520000000000000000e+03 7.453739624023437500e+02
4.530000000000000000e+03 7.339452514648437500e+02
4.540000000000000000e+03 7.413490600585937500e+02
4.550000000000000000e+03 7.455549926757812500e+02
4.560000000000000000e+03 7.386176757812500000e+02
4.570000000000000000e+03 7.393531494140625000e+02
4.580000000000000000e+03 7.517369995117187500e+02
4.590000000000000000e+03 7.441864013671875000e+02
4.600000000000000000e+03 7.294495239257812500e+02
4.610000000000000000e+03 7.285593872070312500e+02
4.620000000000000000e+03 7.336450195312500000e+02
4.630000000000000000e+03 7.350696411132812500e+02
4.640000000000000000e+03 7.457584228515625000e+02
4.650000000000000000e+03 7.232775268554687500e+02
4.660000000000000000e+03 7.341831054687500000e+02
4.670000000000000000e+03 7.368253173828125000e+02
4.680000000000000000e+03 7.324647827148437500e+02
4.690000000000000000e+03 7.370853271484375000e+02
4.700000000000000000e+03 7.337228393554687500e+02
4.710000000000000000e+03 7.299290771484375000e+02
4.720000000000000000e+03 7.305861816406250000e+02
4.730000000000000000e+03 7.270721435546875000e+02
4.740000000000000000e+03 7.330447998046875000e+02
4.750000000000000000e+03 7.353679199218750000e+02
4.760000000000000000e+03 7.462108764648437500e+02
4.770000000000000000e+03 7.409572143554687500e+02
4.780000000000000000e+03 7.410021972656250000e+02
4.790000000000000000e+03 7.347620239257812500e+02
4.800000000000000000e+03 7.534412841796875000e+02
4.810000000000000000e+03 7.405997924804687500e+02
4.820000000000000000e+03 7.374682006835937500e+02
4.830000000000000000e+03 7.266615600585937500e+02
4.840000000000000000e+03 7.374158325195312500e+02
4.850000000000000000e+03 7.423891601562500000e+02
4.860000000000000000e+03 7.348580322265625000e+02
4.870000000000000000e+03 7.376659545898437500e+02
4.880000000000000000e+03 7.223365478515625000e+02
4.890000000000000000e+03 7.248870239257812500e+02
4.900000000000000000e+03 7.431289672851562500e+02
4.910000000000000000e+03 7.297162475585937500e+02
4.920000000000000000e+03 7.228687133789062500e+02
4.930000000000000000e+03 7.312546386718750000e+02
4.940000000000000000e+03 7.376335449218750000e+02
4.950000000000000000e+03 7.422797241210937500e+02
4.960000000000000000e+03 7.351050415039062500e+02
4.970000000000000000e+03 7.372307739257812500e+02
4.980000000000000000e+03 7.303217163085937500e+02
4.990000000000000000e+03 7.443253784179687500e+02
5.000000000000000000e+03 7.250173339843750000e+02
5.010000000000000000e+03 7.296072998046875000e+02
5.020000000000000000e+03 7.390832519531250000e+02
5.030000000000000000e+03 7.330251464843750000e+02
5.040000000000000000e+03 7.287715454101562500e+02
5.050000000000000000e+03 7.300031127929687500e+02
5.060000000000000000e+03 7.264289550781250000e+02
5.070000000000000000e+03 7.189578857421875000e+02
5.080000000000000000e+03 7.238760986328125000e+02
5.090000000000000000e+03 7.296218261718750000e+02
5.100000000000000000e+03 7.346650390625000000e+02
5.110000000000000000e+03 7.144830322265625000e+02
5.120000000000000000e+03 7.120714721679687500e+02
5.130000000000000000e+03 7.315545654296875000e+02
5.140000000000000000e+03 7.248759765625000000e+02
5.150000000000000000e+03 7.154403076171875000e+02
5.160000000000000000e+03 7.345905761718750000e+02
5.170000000000000000e+03 7.407361450195312500e+02
5.180000000000000000e+03 7.259534912109375000e+02
5.190000000000000000e+03 7.324888305664062500e+02
5.200000000000000000e+03 7.336293945312500000e+02
5.210000000000000000e+03 7.282460937500000000e+02
5.220000000000000000e+03 7.386182250976562500e+02
5.230000000000000000e+03 7.263181152343750000e+02
5.240000000000000000e+03 7.312877807617187500e+02
5.250000000000000000e+03 7.320871582031250000e+02
5.260000000000000000e+03 7.319681396484375000e+02
5.270000000000000000e+03 7.194559936523437500e+02
5.280000000000000000e+03 7.324906616210937500e+02
5.290000000000000000e+03 7.365386352539062500e+02
5.300000000000000000e+03 7.270983276367187500e+02
5.310000000000000000e+03 7.323009643554687500e+02
5.320000000000000000e+03 7.271242675781250000e+02
5.330000000000000000e+03 7.334265747070312500e+02
5.340000000000000000e+03 7.386365966796875000e+02
5.350000000000000000e+03 7.348607788085937500e+02
5.360000000000000000e+03 7.405956420898437500e+02
5.370000000000000000e+03 7.232273559570312500e+02
5.380000000000000000e+03 7.274334716796875000e+02
5.390000000000000000e+03 7.368289794921875000e+02
5.400000000000000000e+03 7.296382446289062500e+02
5.410000000000000000e+03 7.286350708007812500e+02
5.420000000000000000e+03 7.305280151367187500e+02
5.430000000000000000e+03 7.343707885742187500e+02
5.440000000000000000e+03 7.293571166992187500e+02
5.450000000000000000e+03 7.194492187500000000e+02
5.460000000000000000e+03 7.238689575195312500e+02
5.470000000000000000e+03 7.224481201171875000e+02
5.480000000000000000e+03 7.237499389648437500e+02
5.490000000000000000e+03 7.391682739257812500e+02
5.500000000000000000e+03 7.279221801757812500e+02
5.510000000000000000e+03 7.311712036132812500e+02
5.520000000000000000e+03 7.271958618164062500e+02
5.530000000000000000e+03 7.463895263671875000e+02
5.540000000000000000e+03 7.512116088867187500e+02
5.550000000000000000e+03 7.420312500000000000e+02
5.560000000000000000e+03 7.341576538085937500e+02
5.570000000000000000e+03 7.424151000976562500e+02
5.580000000000000000e+03 7.454968261718750000e+02
5.590000000000000000e+03 7.455501708984375000e+02
5.600000000000000000e+03 7.350714721679687500e+02
5.610000000000000000e+03 7.356234741210937500e+02
5.620000000000000000e+03 7.279485473632812500e+02
5.630000000000000000e+03 7.373219604492187500e+02
5.640000000000000000e+03 7.312387695312500000e+02
5.650000000000000000e+03 7.274003295898437500e+02
5.660000000000000000e+03 7.289916992187500000e+02
5.670000000000000000e+03 7.304088745117187500e+02
5.680000000000000000e+03 7.299481811523437500e+02
5.690000000000000000e+03 7.322625122070312500e+02
5.700000000000000000e+03 7.351450195312500000e+02
5.710000000000000000e+03 7.356166992187500000e+02
5.720000000000000000e+03 7.382483520507812500e+02
5.730000000000000000e+03 7.412251586914062500e+02
5.740000000000000000e+03 7.329525146484375000e+02
5.750000000000000000e+03 7.339245605468750000e+02
5.760000000000000000e+03 7.397250366210937500e+02
5.770000000000000000e+03 7.418427124023437500e+02
5.780000000000000000e+03 7.346463623046875000e+02
5.790000000000000000e+03 7.413698120117187500e+02
5.800000000000000000e+03 7.316842651367187500e+02
5.810000000000000000e+03 7.345628051757812500e+02
5.820000000000000000e+03 7.309873657226562500e+02
5.830000000000000000e+03 7.244100341796875000e+02
5.840000000000000000e+03 7.362529296875000000e+02
5.850000000000000000e+03 7.295282592773437500e+02
5.860000000000000000e+03 7.203841552734375000e+02
5.870000000000000000e+03 7.221911010742187500e+02
5.880000000000000000e+03 7.309651489257812500e+02
5.890000000000000000e+03 7.288631591796875000e+02
5.900000000000000000e+03 7.384400634765625000e+02
5.910000000000000000e+03 7.426666870117187500e+02
5.920000000000000000e+03 7.335576171875000000e+02
5.930000000000000000e+03 7.376284790039062500e+02
5.940000000000000000e+03 7.358721313476562500e+02
5.950000000000000000e+03 7.146617431640625000e+02
5.960000000000000000e+03 7.277127685546875000e+02
5.970000000000000000e+03 7.309367065429687500e+02
5.980000000000000000e+03 7.347069702148437500e+02
5.990000000000000000e+03 7.140040283203125000e+02
6.000000000000000000e+03 7.273475341796875000e+02
6.010000000000000000e+03 7.229954223632812500e+02
6.020000000000000000e+03 7.257286376953125000e+02
6.030000000000000000e+03 7.216062011718750000e+02
6.040000000000000000e+03 7.363586425781250000e+02
6.050000000000000000e+03 7.261207275390625000e+02
6.060000000000000000e+03 7.169323730468750000e+02
6.070000000000000000e+03 7.229392700195312500e+02
6.080000000000000000e+03 7.240520629882812500e+02
6.090000000000000000e+03 7.268106689453125000e+02
6.100000000000000000e+03 7.262462768554687500e+02
6.110000000000000000e+03 7.364757080078125000e+02
6.120000000000000000e+03 7.424494018554687500e+02
6.130000000000000000e+03 7.187229614257812500e+02
6.140000000000000000e+03 7.190924682617187500e+02
6.150000000000000000e+03 7.176179809570312500e+02
6.160000000000000000e+03 7.302449951171875000e+02
6.170000000000000000e+03 7.330068969726562500e+02
6.180000000000000000e+03 7.285915527343750000e+02
6.190000000000000000e+03 7.217752075195312500e+02
6.200000000000000000e+03 7.212395629882812500e+02
6.210000000000000000e+03 7.310282592773437500e+02
6.220000000000000000e+03 7.185780029296875000e+02
6.230000000000000000e+03 7.325886230468750000e+02
6.240000000000000000e+03 7.256813354492187500e+02
6.250000000000000000e+03 7.212172851562500000e+02
6.260000000000000000e+03 7.279899902343750000e+02
6.270000000000000000e+03 7.346393432617187500e+02
6.280000000000000000e+03 7.195744628906250000e+02
6.290000000000000000e+03 7.360872192382812500e+02
6.300000000000000000e+03 7.210745239257812500e+02
6.310000000000000000e+03 7.257360229492187500e+02
6.320000000000000000e+03 7.272335815429687500e+02
6.330000000000000000e+03 7.261101684570312500e+02
6.340000000000000000e+03 7.330872192382812500e+02
6.350000000000000000e+03 7.273369140625000000e+02
6.360000000000000000e+03 7.238971557617187500e+02
6.370000000000000000e+03 7.273614501953125000e+02
6.380000000000000000e+03 7.221211547851562500e+02
6.390000000000000000e+03 7.192250976562500000e+02
6.400000000000000000e+03 7.225525512695312500e+02
6.410000000000000000e+03 7.273801879882812500e+02
6.420000000000000000e+03 7.232255859375000000e+02
6.430000000000000000e+03 7.303778686523437500e+02
6.440000000000000000e+03 7.369475097656250000e+02
6.450000000000000000e+03 7.273229370117187500e+02
6.460000000000000000e+03 7.212369995117187500e+02
6.470000000000000000e+03 7.262651977539062500e+02
6.480000000000000000e+03 7.308463134765625000e+02
6.490000000000000000e+03 7.179191284179687500e+02
6.500000000000000000e+03 7.220034790039062500e+02
6.510000000000000000e+03 7.311243896484375000e+02
6.520000000000000000e+03 7.286921386718750000e+02
6.530000000000000000e+03 7.229700317382812500e+02
6.540000000000000000e+03 7.264526977539062500e+02
6.550000000000000000e+03 7.290390014648437500e+02
6.560000000000000000e+03 7.327869873046875000e+02
6.570000000000000000e+03 7.357760009765625000e+02
6.580000000000000000e+03 7.369498901367187500e+02
6.590000000000000000e+03 7.437762451171875000e+02
6.600000000000000000e+03 7.320871582031250000e+02
6.610000000000000000e+03 7.321669311523437500e+02
6.620000000000000000e+03 7.200990600585937500e+02
6.630000000000000000e+03 7.186595458984375000e+02
6.640000000000000000e+03 7.287681884765625000e+02
6.650000000000000000e+03 7.349373168945312500e+02
6.660000000000000000e+03 7.423492431640625000e+02
6.670000000000000000e+03 7.352418823242187500e+02
6.680000000000000000e+03 7.289146118164062500e+02
6.690000000000000000e+03 7.325343017578125000e+02
6.700000000000000000e+03 7.311267089843750000e+02
6.710000000000000000e+03 7.353132934570312500e+02
6.720000000000000000e+03 7.291446533203125000e+02
6.730000000000000000e+03 7.421141967773437500e+02
6.740000000000000000e+03 7.377411499023437500e+02
6.750000000000000000e+03 7.243572998046875000e+02
6.760000000000000000e+03 7.207422485351562500e+02
6.770000000000000000e+03 7.198557128906250000e+02
6.780000000000000000e+03 7.289164428710937500e+02
6.790000000000000000e+03 7.284799804687500000e+02
6.800000000000000000e+03 7.285819091796875000e+02
6.810000000000000000e+03 7.369581909179687500e+02
6.820000000000000000e+03 7.263026123046875000e+02
6.830000000000000000e+03 7.384262084960937500e+02
6.840000000000000000e+03 7.316977539062500000e+02
6.850000000000000000e+03 7.317850952148437500e+02
6.860000000000000000e+03 7.386573486328125000e+02
6.870000000000000000e+03 7.478865356445312500e+02
6.880000000000000000e+03 7.361965332031250000e+02
6.890000000000000000e+03 7.401848144531250000e+02
6.900000000000000000e+03 7.308786621093750000e+02
6.910000000000000000e+03 7.398577270507812500e+02
6.920000000000000000e+03 7.519179687500000000e+02
6.930000000000000000e+03 7.444362182617187500e+02
6.940000000000000000e+03 7.448845214843750000e+02
6.950000000000000000e+03 7.305115356445312500e+02
6.960000000000000000e+03 7.287163696289062500e+02
6.970000000000000000e+03 7.232815551757812500e+02
6.980000000000000000e+03 7.343112182617187500e+02
6.990000000000000000e+03 7.409832153320312500e+02
7.000000000000000000e+03 7.396793212890625000e+02
7.010000000000000000e+03 7.276698608398437500e+02
7.020000000000000000e+03 7.263020629882812500e+02
7.030000000000000000e+03 7.408094482421875000e+02
7.040000000000000000e+03 7.325086669921875000e+02
7.050000000000000000e+03 7.378469848632812500e+02
7.060000000000000000e+03 7.233679199218750000e+02
7.070000000000000000e+03 7.334120483398437500e+02
7.080000000000000000e+03 7.475865478515625000e+02
7.090000000000000000e+03 7.371546630859375000e+02
7.100000000000000000e+03 7.330335693359375000e+02
7.110000000000000000e+03 7.371958007812500000e+02
7.120000000000000000e+03 7.298770751953125000e+02
7.130000000000000000e+03 7.416152954101562500e+02
7.140000000000000000e+03 7.312569580078125000e+02
7.150000000000000000e+03 7.195913696289062500e+02
7.160000000000000000e+03 7.332416992187500000e+02
7.170000000000000000e+03 7.418771362304687500e+02
7.180000000000000000e+03 7.203618164062500000e+02
7.190000000000000000e+03 7.208388671875000000e+02
7.200000000000000000e+03 7.171989746093750000e+02
7.210000000000000000e+03 7.260275268554687500e+02
7.220000000000000000e+03 7.362047119140625000e+02
7.230000000000000000e+03 7.312963256835937500e+02
7.240000000000000000e+03 7.320051269531250000e+02
7.250000000000000000e+03 7.255955200195312500e+02
7.260000000000000000e+03 7.297654418945312500e+02
7.270000000000000000e+03 7.246353149414062500e+02
7.280000000000000000e+03 7.331156616210937500e+02
7.290000000000000000e+03 7.267610473632812500e+02
7.300000000000000000e+03 7.332737426757812500e+02
7.310000000000000000e+03 7.297994384765625000e+02
7.320000000000000000e+03 7.352124633789062500e+02
7.330000000000000000e+03 7.210302124023437500e+02
7.340000000000000000e+03 7.459906616210937500e+02
7.350000000000000000e+03 7.395099487304687500e+02
7.360000000000000000e+03 7.424893188476562500e+02
7.370000000000000000e+03 7.450718994140625000e+02
7.380000000000000000e+03 7.243176879882812500e+02
7.390000000000000000e+03 7.303943481445312500e+02
7.400000000000000000e+03 7.345435791015625000e+02
7.410000000000000000e+03 7.294381713867187500e+02
7.420000000000000000e+03 7.376538696289062500e+02
7.430000000000000000e+03 7.416453247070312500e+02
7.440000000000000000e+03 7.207110595703125000e+02
7.450000000000000000e+03 7.336023559570312500e+02
7.460000000000000000e+03 7.305297241210937500e+02
7.470000000000000000e+03 7.282855224609375000e+02
7.480000000000000000e+03 7.239954223632812500e+02
7.490000000000000000e+03 7.375855712890625000e+02
7.500000000000000000e+03 7.338464965820312500e+02
7.510000000000000000e+03 7.317238159179687500e+02
7.520000000000000000e+03 7.310065917968750000e+02
7.530000000000000000e+03 7.361103515625000000e+02
7.540000000000000000e+03 7.286766357421875000e+02
7.550000000000000000e+03 7.302745361328125000e+02
7.560000000000000000e+03 7.236099243164062500e+02
7.570000000000000000e+03 7.303011474609375000e+02
7.580000000000000000e+03 7.312864990234375000e+02
7.590000000000000000e+03 7.240736083984375000e+02
7.600000000000000000e+03 7.251107177734375000e+02
7.610000000000000000e+03 7.289345092773437500e+02
7.620000000000000000e+03 7.254672851562500000e+02
7.630000000000000000e+03 7.262873535156250000e+02
7.640000000000000000e+03 7.194296264648437500e+02
7.650000000000000000e+03 7.298379516601562500e+02
7.660000000000000000e+03 7.234545288085937500e+02
7.670000000000000000e+03 7.217741699218750000e+02
7.680000000000000000e+03 7.217503051757812500e+02
7.690000000000000000e+03 7.248836059570312500e+02
7.700000000000000000e+03 7.387346191406250000e+02
7.710000000000000000e+03 7.238265380859375000e+02
7.720000000000000000e+03 7.141373901367187500e+02
7.730000000000000000e+03 7.270563964843750000e+02
7.740000000000000000e+03 7.225019531250000000e+02
7.750000000000000000e+03 7.313537597656250000e+02
7.760000000000000000e+03 7.294547729492187500e+02
7.770000000000000000e+03 7.342651367187500000e+02
7.780000000000000000e+03 7.266542968750000000e+02
7.790000000000000000e+03 7.305582885742187500e+02
7.800000000000000000e+03 7.177891845703125000e+02
7.810000000000000000e+03 7.117935791015625000e+02
7.820000000000000000e+03 7.197105102539062500e+02
7.830000000000000000e+03 7.335560302734375000e+02
7.840000000000000000e+03 7.303323974609375000e+02
7.850000000000000000e+03 7.202941284179687500e+02
7.860000000000000000e+03 7.263193969726562500e+02
7.870000000000000000e+03 7.366465454101562500e+02
7.880000000000000000e+03 7.240926513671875000e+02
7.890000000000000000e+03 7.273201293945312500e+02
7.900000000000000000e+03 7.184308471679687500e+02
7.910000000000000000e+03 7.332124023437500000e+02
7.920000000000000000e+03 7.259053955078125000e+02
7.930000000000000000e+03 7.215472412109375000e+02
7.940000000000000000e+03 7.394527587890625000e+02
7.950000000000000000e+03 7.241279907226562500e+02
7.960000000000000000e+03 7.173493652343750000e+02
7.970000000000000000e+03 7.191347045898437500e+02
7.980000000000000000e+03 7.364428710937500000e+02
7.990000000000000000e+03 7.307280883789062500e+02
8.000000000000000000e+03 7.320142822265625000e+02
8.010000000000000000e+03 7.319560546875000000e+02
8.020000000000000000e+03 7.239154663085937500e+02
8.030000000000000000e+03 7.253703002929687500e+02
8.040000000000000000e+03 7.094331665039062500e+02
8.050000000000000000e+03 7.206688842773437500e+02
8.060000000000000000e+03 7.380515136718750000e+02
8.070000000000000000e+03 7.231383056640625000e+02
8.080000000000000000e+03 7.217606201171875000e+02
8.090000000000000000e+03 7.284647216796875000e+02
8.100000000000000000e+03 7.416743774414062500e+02
8.110000000000000000e+03 7.317207031250000000e+02
8.120000000000000000e+03 7.240219726562500000e+02
8.130000000000000000e+03 7.379578247070312500e+02
8.140000000000000000e+03 7.373928222656250000e+02
8.150000000000000000e+03 7.327803955078125000e+02
8.160000000000000000e+03 7.261865844726562500e+02
8.170000000000000000e+03 7.320602416992187500e+02
8.180000000000000000e+03 7.350288696289062500e+02
8.190000000000000000e+03 7.373730468750000000e+02
8.200000000000000000e+03 7.416154174804687500e+02
8.210000000000000000e+03 7.349223632812500000e+02
8.220000000000000000e+03 7.312499389648437500e+02
8.230000000000000000e+03 7.352752075195312500e+02
8.240000000000000000e+03 7.369008789062500000e+02
8.250000000000000000e+03 7.328512573242187500e+02
8.260000000000000000e+03 7.367993164062500000e+02
8.270000000000000000e+03 7.279736938476562500e+02
8.280000000000000000e+03 7.293653564453125000e+02
8.290000000000000000e+03 7.363793945312500000e+02
8.300000000000000000e+03 7.337706909179687500e+02
8.310000000000000000e+03 7.308768310546875000e+02
8.320000000000000000e+03 7.283941040039062500e+02
8.330000000000000000e+03 7.230184326171875000e+02
8.340000000000000000e+03 7.243070678710937500e+02
8.350000000000000000e+03 7.359575805664062500e+02
8.360000000000000000e+03 7.383930664062500000e+02
8.370000000000000000e+03 7.436992187500000000e+02
8.380000000000000000e+03 7.349588623046875000e+02
8.390000000000000000e+03 7.352070922851562500e+02
8.400000000000000000e+03 7.428662109375000000e+02
8.410000000000000000e+03 7.342394409179687500e+02
8.420000000000000000e+03 7.411086425781250000e+02
8.430000000000000000e+03 7.224539184570312500e+02
8.440000000000000000e+03 7.356063232421875000e+02
8.450000000000000000e+03 7.308865356445312500e+02
8.460000000000000000e+03 7.262318725585937500e+02
8.470000000000000000e+03 7.358945312500000000e+02
8.480000000000000000e+03 7.294360961914062500e+02
8.490000000000000000e+03 7.408895874023437500e+02
8.500000000000000000e+03 7.362515869140625000e+02
8.510000000000000000e+03 7.413918457031250000e+02
8.520000000000000000e+03 7.338945922851562500e+02
8.530000000000000000e+03 7.257322387695312500e+02
8.540000000000000000e+03 7.285288085937500000e+02
8.550000000000000000e+03 7.413909912109375000e+02
8.560000000000000000e+03 7.213475952148437500e+02
8.570000000000000000e+03 7.226622924804687500e+02
8.580000000000000000e+03 7.444639892578125000e+02
8.590000000000000000e+03 7.223931884765625000e+02
8.600000000000000000e+03 7.286032104492187500e+02
8.610000000000000000e+03 7.364220581054687500e+02
8.620000000000000000e+03 7.300963134765625000e+02
8.630000000000000000e+03 7.183891601562500000e+02
8.640000000000000000e+03 7.292890014648437500e+02
8.650000000000000000e+03 7.235701904296875000e+02
8.660000000000000000e+03 7.349538574218750000e+02
8.670000000000000000e+03 7.275051879882812500e+02
8.680000000000000000e+03 7.342146606445312500e+02
8.690000000000000000e+03 7.263157958984375000e+02
8.700000000000000000e+03 7.315938720703125000e+02
8.710000000000000000e+03 7.400529174804687500e+02
8.720000000000000000e+03 7.398166503906250000e+02
8.730000000000000000e+03 7.289005737304687500e+02
8.740000000000000000e+03 7.306525878906250000e+02
8.750000000000000000e+03 7.319343872070312500e+02
8.760000000000000000e+03 7.302445068359375000e+02
8.770000000000000000e+03 7.370789794921875000e+02
8.780000000000000000e+03 7.390941162109375000e+02
8.790000000000000000e+03 7.232324829101562500e+02
8.800000000000000000e+03 7.369509887695312500e+02
8.810000000000000000e+03 7.373770141601562500e+02
8.820000000000000000e+03 7.380517578125000000e+02
8.830000000000000000e+03 7.312126464843750000e+02
8.840000000000000000e+03 7.449468994140625000e+02
8.850000000000000000e+03 7.388687133789062500e+02
8.860000000000000000e+03 7.229320678710937500e+02
8.870000000000000000e+03 7.326764526367187500e+02
8.880000000000000000e+03 7.428218383789062500e+02
8.890000000000000000e+03 7.344848632812500000e+02
8.900000000000000000e+03 7.214896850585937500e+02
8.910000000000000000e+03 7.249813842773437500e+02
8.920000000000000000e+03 7.308523559570312500e+02
8.930000000000000000e+03 7.305010986328125000e+02
8.940000000000000000e+03 7.250627441406250000e+02
8.950000000000000000e+03 7.143956298828125000e+02
8.960000000000000000e+03 7.268536376953125000e+02
8.970000000000000000e+03 7.313815917968750000e+02
8.980000000000000000e+03 7.303571777343750000e+02
8.990000000000000000e+03 7.280988769531250000e+02
9.000000000000000000e+03 7.336244506835937500e+02
9.010000000000000000e+03 7.467450561523437500e+02
9.020000000000000000e+03 7.469520263671875000e+02
9.030000000000000000e+03 7.423276367187500000e+02
9.040000000000000000e+03 7.459266357421875000e+02
9.050000000000000000e+03 7.284006347656250000e+02
9.060000000000000000e+03 7.308128051757812500e+02
9.070000000000000000e+03 7.362210693359375000e+02
9.080000000000000000e+03 7.274312133789062500e+02
9.090000000000000000e+03 7.338408813476562500e+02
9.100000000000000000e+03 7.306445312500000000e+02
9.110000000000000000e+03 7.340227050781250000e+02
9.120000000000000000e+03 7.321589355468750000e+02
9.130000000000000000e+03 7.302269897460937500e+02
9.140000000000000000e+03 7.242371215820312500e+02
9.150000000000000000e+03 7.224224853515625000e+02
9.160000000000000000e+03 7.293931884765625000e+02
9.170000000000000000e+03 7.333471679687500000e+02
9.180000000000000000e+03 7.311997680664062500e+02
9.190000000000000000e+03 7.297794799804687500e+02
9.200000000000000000e+03 7.258745117187500000e+02
9.210000000000000000e+03 7.345806274414062500e+02
9.220000000000000000e+03 7.365879516601562500e+02
9.230000000000000000e+03 7.373522949218750000e+02
9.240000000000000000e+03 7.237375488281250000e+02
9.250000000000000000e+03 7.261477050781250000e+02
9.260000000000000000e+03 7.302069702148437500e+02
9.270000000000000000e+03 7.289018554687500000e+02
9.280000000000000000e+03 7.268027343750000000e+02
9.290000000000000000e+03 7.276618041992187500e+02
9.300000000000000000e+03 7.368580322265625000e+02
9.310000000000000000e+03 7.353988037109375000e+02
9.320000000000000000e+03 7.300204467773437500e+02
9.330000000000000000e+03 7.332367553710937500e+02
9.340000000000000000e+03 7.212446289062500000e+02
9.350000000000000000e+03 7.232096557617187500e+02
9.360000000000000000e+03 7.334233398437500000e+02
9.370000000000000000e+03 7.279451904296875000e+02
9.380000000000000000e+03 7.368077392578125000e+02
9.390000000000000000e+03 7.444476928710937500e+02
9.400000000000000000e+03 7.308642578125000000e+02
9.410000000000000000e+03 7.348992919921875000e+02
9.420000000000000000e+03 7.347432250976562500e+02
9.430000000000000000e+03 7.247141723632812500e+02
9.440000000000000000e+03 7.334578857421875000e+02
9.450000000000000000e+03 7.349409790039062500e+02
9.460000000000000000e+03 7.435562133789062500e+02
9.470000000000000000e+03 7.377363891601562500e+02
9.480000000000000000e+03 7.352189941406250000e+02
9.490000000000000000e+03 7.328986206054687500e+02
9.500000000000000000e+03 7.291754760742187500e+02
9.510000000000000000e+03 7.320343627929687500e+02
9.520000000000000000e+03 7.258243408203125000e+02
9.530000000000000000e+03 7.362684326171875000e+02
9.540000000000000000e+03 7.322821655273437500e+02
9.550000000000000000e+03 7.286746215820312500e+02
9.560000000000000000e+03 7.215024414062500000e+02
9.570000000000000000e+03 7.319244995117187500e+02
9.580000000000000000e+03 7.303427734375000000e+02
9.590000000000000000e+03 7.408128051757812500e+02
9.600000000000000000e+03 7.390224609375000000e+02
9.610000000000000000e+03 7.449024658203125000e+02
9.620000000000000000e+03 7.424332275390625000e+02
9.630000000000000000e+03 7.309537353515625000e+02
9.640000000000000000e+03 7.299746704101562500e+02
9.650000000000000000e+03 7.198583374023437500e+02
9.660000000000000000e+03 7.329255981445312500e+02
9.670000000000000000e+03 7.260083618164062500e+02
9.680000000000000000e+03 7.363047485351562500e+02
9.690000000000000000e+03 7.244273071289062500e+02
9.700000000000000000e+03 7.310287475585937500e+02
9.710000000000000000e+03 7.268019409179687500e+02
9.720000000000000000e+03 7.246085815429687500e+02
9.730000000000000000e+03 7.289195556640625000e+02
9.740000000000000000e+03 7.274539184570312500e+02
9.750000000000000000e+03 7.263994140625000000e+02
9.760000000000000000e+03 7.259330444335937500e+02
9.770000000000000000e+03 7.288536376953125000e+02
9.780000000000000000e+03 7.316640625000000000e+02
9.790000000000000000e+03 7.290736694335937500e+02
9.800000000000000000e+03 7.336204833984375000e+02
9.810000000000000000e+03 7.150697021484375000e+02
9.820000000000000000e+03 7.231000366210937500e+02
9.830000000000000000e+03 7.359382934570312500e+02
9.840000000000000000e+03 7.444707641601562500e+02
9.850000000000000000e+03 7.400659790039062500e+02
9.860000000000000000e+03 7.298059082031250000e+02
9.870000000000000000e+03 7.319821166992187500e+02
9.880000000000000000e+03 7.390493774414062500e+02
9.890000000000000000e+03 7.361474609375000000e+02
9.900000000000000000e+03 7.176614990234375000e+02
9.910000000000000000e+03 7.247319335937500000e+02
9.920000000000000000e+03 7.235916748046875000e+02
9.930000000000000000e+03 7.314191284179687500e+02
9.940000000000000000e+03 7.326223754882812500e+02
9.950000000000000000e+03 7.255103149414062500e+02
9.960000000000000000e+03 7.299780273437500000e+02
9.970000000000000000e+03 7.384695434570312500e+02
9.980000000000000000e+03 7.339739379882812500e+02
9.990000000000000000e+03 7.405991821289062500e+02
1.000000000000000000e+04 7.295015869140625000e+02
