# # Time (ps)	Density (kg/m^3)
0.000000000000000000e+00 6.269945068359375000e+02
1.000000000000000000e+01 6.556948852539062500e+02
2.000000000000000000e+01 6.663887939453125000e+02
3.000000000000000000e+01 6.542017211914062500e+02
4.000000000000000000e+01 6.670930786132812500e+02
5.000000000000000000e+01 6.660448608398437500e+02
6.000000000000000000e+01 6.508560791015625000e+02
7.000000000000000000e+01 6.752727050781250000e+02
8.000000000000000000e+01 6.709848632812500000e+02
9.000000000000000000e+01 6.496767578125000000e+02
1.000000000000000000e+02 6.531298828125000000e+02
1.100000000000000000e+02 6.686449584960937500e+02
1.200000000000000000e+02 6.706284179687500000e+02
1.300000000000000000e+02 6.740620727539062500e+02
1.400000000000000000e+02 6.594832153320312500e+02
1.500000000000000000e+02 6.730219726562500000e+02
1.600000000000000000e+02 6.894100341796875000e+02
1.700000000000000000e+02 6.705084838867187500e+02
1.800000000000000000e+02 6.614016113281250000e+02
1.900000000000000000e+02 6.685703125000000000e+02
2.000000000000000000e+02 6.503735961914062500e+02
2.100000000000000000e+02 6.673474731445312500e+02
2.200000000000000000e+02 6.659778442382812500e+02
2.300000000000000000e+02 6.543580322265625000e+02
2.400000000000000000e+02 6.571221923828125000e+02
2.500000000000000000e+02 6.459184570312500000e+02
2.600000000000000000e+02 6.698173217773437500e+02
2.700000000000000000e+02 6.576761474609375000e+02
2.800000000000000000e+02 6.897515869140625000e+02
2.900000000000000000e+02 6.654781494140625000e+02
3.000000000000000000e+02 6.573683471679687500e+02
3.100000000000000000e+02 6.510729370117187500e+02
3.200000000000000000e+02 6.714525756835937500e+02
3.300000000000000000e+02 6.657409667968750000e+02
3.400000000000000000e+02 6.443762817382812500e+02
3.500000000000000000e+02 6.642347412109375000e+02
3.600000000000000000e+02 6.775305175781250000e+02
3.700000000000000000e+02 6.955376586914062500e+02
3.800000000000000000e+02 6.838596801757812500e+02
3.900000000000000000e+02 6.652376098632812500e+02
4.000000000000000000e+02 6.556106567382812500e+02
4.100000000000000000e+02 6.521595458984375000e+02
4.200000000000000000e+02 6.582286376953125000e+02
4.300000000000000000e+02 6.615659790039062500e+02
4.400000000000000000e+02 6.691946411132812500e+02
4.500000000000000000e+02 6.530408325195312500e+02
4.600000000000000000e+02 6.499682006835937500e+02
4.700000000000000000e+02 6.521983032226562500e+02
4.800000000000000000e+02 6.640944824218750000e+02
4.900000000000000000e+02 6.599250488281250000e+02
5.000000000000000000e+02 6.631681518554687500e+02
5.100000000000000000e+02 6.800605468750000000e+02
5.200000000000000000e+02 6.678651733398437500e+02
5.300000000000000000e+02 6.696719360351562500e+02
5.400000000000000000e+02 6.671727905273437500e+02
5.500000000000000000e+02 6.512558593750000000e+02
5.600000000000000000e+02 6.558643188476562500e+02
5.700000000000000000e+02 6.626862792968750000e+02
5.800000000000000000e+02 6.729863281250000000e+02
5.900000000000000000e+02 6.708191528320312500e+02
6.000000000000000000e+02 6.558899536132812500e+02
6.100000000000000000e+02 6.593642578125000000e+02
6.200000000000000000e+02 6.686785888671875000e+02
6.300000000000000000e+02 6.687146606445312500e+02
6.400000000000000000e+02 6.666943969726562500e+02
6.500000000000000000e+02 6.702211914062500000e+02
6.600000000000000000e+02 6.631948852539062500e+02
6.700000000000000000e+02 6.810596923828125000e+02
6.800000000000000000e+02 6.685390625000000000e+02
6.900000000000000000e+02 6.633712158203125000e+02
7.000000000000000000e+02 6.789136352539062500e+02
7.100000000000000000e+02 6.659439697265625000e+02
7.200000000000000000e+02 6.683321533203125000e+02
7.300000000000000000e+02 6.621288452148437500e+02
7.400000000000000000e+02 6.700733642578125000e+02
7.500000000000000000e+02 6.690001831054687500e+02
7.600000000000000000e+02 6.818468017578125000e+02
7.700000000000000000e+02 6.722127685546875000e+02
7.800000000000000000e+02 6.576581420898437500e+02
7.900000000000000000e+02 6.747599487304687500e+02
8.000000000000000000e+02 6.660126342773437500e+02
8.100000000000000000e+02 6.678990478515625000e+02
8.200000000000000000e+02 6.728612670898437500e+02
8.300000000000000000e+02 6.695028076171875000e+02
8.400000000000000000e+02 6.400013427734375000e+02
8.500000000000000000e+02 6.652171630859375000e+02
8.600000000000000000e+02 6.655153808593750000e+02
8.700000000000000000e+02 6.605196533203125000e+02
8.800000000000000000e+02 6.829896850585937500e+02
8.900000000000000000e+02 6.802558593750000000e+02
9.000000000000000000e+02 6.527216796875000000e+02
9.100000000000000000e+02 6.703640136718750000e+02
9.200000000000000000e+02 6.519432373046875000e+02
9.300000000000000000e+02 6.563852539062500000e+02
9.400000000000000000e+02 6.575542602539062500e+02
9.500000000000000000e+02 6.548838500976562500e+02
9.600000000000000000e+02 6.620285644531250000e+02
9.700000000000000000e+02 6.682393188476562500e+02
9.800000000000000000e+02 6.566408691406250000e+02
9.900000000000000000e+02 6.739248657226562500e+02
1.000000000000000000e+03 6.752199707031250000e+02
1.010000000000000000e+03 6.594760131835937500e+02
1.020000000000000000e+03 6.515834350585937500e+02
1.030000000000000000e+03 6.523989868164062500e+02
1.040000000000000000e+03 6.673151855468750000e+02
1.050000000000000000e+03 6.673894042968750000e+02
1.060000000000000000e+03 6.708662719726562500e+02
1.070000000000000000e+03 6.597360839843750000e+02
1.080000000000000000e+03 6.558416137695312500e+02
1.090000000000000000e+03 6.557451782226562500e+02
1.100000000000000000e+03 6.854692382812500000e+02
1.110000000000000000e+03 6.802992553710937500e+02
1.120000000000000000e+03 6.564766235351562500e+02
1.130000000000000000e+03 6.654512939453125000e+02
1.140000000000000000e+03 6.620679931640625000e+02
1.150000000000000000e+03 6.702536010742187500e+02
1.160000000000000000e+03 6.652886962890625000e+02
1.170000000000000000e+03 6.682604980468750000e+02
1.180000000000000000e+03 6.725266723632812500e+02
1.190000000000000000e+03 6.599680786132812500e+02
1.200000000000000000e+03 6.710167846679687500e+02
1.210000000000000000e+03 6.736897583007812500e+02
1.220000000000000000e+03 6.700288696289062500e+02
1.230000000000000000e+03 6.645404052734375000e+02
1.240000000000000000e+03 6.620529174804687500e+02
1.250000000000000000e+03 6.704440307617187500e+02
1.260000000000000000e+03 6.746241455078125000e+02
1.270000000000000000e+03 6.571666870117187500e+02
1.280000000000000000e+03 6.582238159179687500e+02
1.290000000000000000e+03 6.621726684570312500e+02
1.300000000000000000e+03 6.504526367187500000e+02
1.310000000000000000e+03 6.715722656250000000e+02
1.320000000000000000e+03 6.702658081054687500e+02
1.330000000000000000e+03 6.593533325195312500e+02
1.340000000000000000e+03 6.593320922851562500e+02
1.350000000000000000e+03 6.580399780273437500e+02
1.360000000000000000e+03 6.676846923828125000e+02
1.370000000000000000e+03 6.607433471679687500e+02
1.380000000000000000e+03 6.640228881835937500e+02
1.390000000000000000e+03 6.567662353515625000e+02
1.400000000000000000e+03 6.513547363281250000e+02
1.410000000000000000e+03 6.599694213867187500e+02
1.420000000000000000e+03 6.494171142578125000e+02
1.430000000000000000e+03 6.622699584960937500e+02
1.440000000000000000e+03 6.687216796875000000e+02
1.450000000000000000e+03 6.784967651367187500e+02
1.460000000000000000e+03 6.659476928710937500e+02
1.470000000000000000e+03 6.695064697265625000e+02
1.480000000000000000e+03 6.581277465820312500e+02
1.490000000000000000e+03 6.711010131835937500e+02
1.500000000000000000e+03 6.741821899414062500e+02
1.510000000000000000e+03 6.603207397460937500e+02
1.520000000000000000e+03 6.657061767578125000e+02
1.530000000000000000e+03 6.558720703125000000e+02
1.540000000000000000e+03 6.608061523437500000e+02
1.550000000000000000e+03 6.554143066406250000e+02
1.560000000000000000e+03 6.570024414062500000e+02
1.570000000000000000e+03 6.506380615234375000e+02
1.580000000000000000e+03 6.498660888671875000e+02
1.590000000000000000e+03 6.665703125000000000e+02
1.600000000000000000e+03 6.553806152343750000e+02
1.610000000000000000e+03 6.327768554687500000e+02
1.620000000000000000e+03 6.471171264648437500e+02
1.630000000000000000e+03 6.611845703125000000e+02
1.640000000000000000e+03 6.602564086914062500e+02
1.650000000000000000e+03 6.582059936523437500e+02
1.660000000000000000e+03 6.766484985351562500e+02
1.670000000000000000e+03 6.631509399414062500e+02
1.680000000000000000e+03 6.725734863281250000e+02
1.690000000000000000e+03 6.749548950195312500e+02
1.700000000000000000e+03 6.743001098632812500e+02
1.710000000000000000e+03 6.724780883789062500e+02
1.720000000000000000e+03 6.637209472656250000e+02
1.730000000000000000e+03 6.597637939453125000e+02
1.740000000000000000e+03 6.605316162109375000e+02
1.750000000000000000e+03 6.566730346679687500e+02
1.760000000000000000e+03 6.838425903320312500e+02
1.770000000000000000e+03 6.783764648437500000e+02
1.780000000000000000e+03 6.787265625000000000e+02
1.790000000000000000e+03 6.778482055664062500e+02
1.800000000000000000e+03 6.668032836914062500e+02
1.810000000000000000e+03 6.672282104492187500e+02
1.820000000000000000e+03 6.704114990234375000e+02
1.830000000000000000e+03 6.621492309570312500e+02
1.840000000000000000e+03 6.631921386718750000e+02
1.850000000000000000e+03 6.578649902343750000e+02
1.860000000000000000e+03 6.629501342773437500e+02
1.870000000000000000e+03 6.707028198242187500e+02
1.880000000000000000e+03 6.633356933593750000e+02
1.890000000000000000e+03 6.573386840820312500e+02
1.900000000000000000e+03 6.645264282226562500e+02
1.910000000000000000e+03 6.713974609375000000e+02
1.920000000000000000e+03 6.485031738281250000e+02
1.930000000000000000e+03 6.626242065429687500e+02
1.940000000000000000e+03 6.598508300781250000e+02
1.950000000000000000e+03 6.599188232421875000e+02
1.960000000000000000e+03 6.489886474609375000e+02
1.970000000000000000e+03 6.527561035156250000e+02
1.980000000000000000e+03 6.640426025390625000e+02
1.990000000000000000e+03 6.838639526367187500e+02
2.000000000000000000e+03 6.795267944335937500e+02
2.010000000000000000e+03 6.726098632812500000e+02
2.020000000000000000e+03 6.749122314453125000e+02
2.030000000000000000e+03 6.605403442382812500e+02
2.040000000000000000e+03 6.690692749023437500e+02
2.050000000000000000e+03 6.837395019531250000e+02
2.060000000000000000e+03 6.768772583007812500e+02
2.070000000000000000e+03 6.724135742187500000e+02
2.080000000000000000e+03 6.737038574218750000e+02
2.090000000000000000e+03 6.618923950195312500e+02
2.100000000000000000e+03 6.724976196289062500e+02
2.110000000000000000e+03 6.651091308593750000e+02
2.120000000000000000e+03 6.554190063476562500e+02
2.130000000000000000e+03 6.635326538085937500e+02
2.140000000000000000e+03 6.546654052734375000e+02
2.150000000000000000e+03 6.623922119140625000e+02
2.160000000000000000e+03 6.589880981445312500e+02
2.170000000000000000e+03 6.636937255859375000e+02
2.180000000000000000e+03 6.460000610351562500e+02
2.190000000000000000e+03 6.501098632812500000e+02
2.200000000000000000e+03 6.657496337890625000e+02
2.210000000000000000e+03 6.764113769531250000e+02
2.220000000000000000e+03 6.774870605468750000e+02
2.230000000000000000e+03 6.727669677734375000e+02
2.240000000000000000e+03 6.870181884765625000e+02
2.250000000000000000e+03 6.787810668945312500e+02
2.260000000000000000e+03 6.726031494140625000e+02
2.270000000000000000e+03 6.693520507812500000e+02
2.280000000000000000e+03 6.741444091796875000e+02
2.290000000000000000e+03 6.673417968750000000e+02
2.300000000000000000e+03 6.778307495117187500e+02
2.310000000000000000e+03 6.587096557617187500e+02
2.320000000000000000e+03 6.623692626953125000e+02
2.330000000000000000e+03 6.668045654296875000e+02
2.340000000000000000e+03 6.690993652343750000e+02
2.350000000000000000e+03 6.547569580078125000e+02
2.360000000000000000e+03 6.740269775390625000e+02
2.370000000000000000e+03 6.540145263671875000e+02
2.380000000000000000e+03 6.640256347656250000e+02
2.390000000000000000e+03 6.644161987304687500e+02
2.400000000000000000e+03 6.663511352539062500e+02
2.410000000000000000e+03 6.651932373046875000e+02
2.420000000000000000e+03 6.717435913085937500e+02
2.430000000000000000e+03 6.466290283203125000e+02
2.440000000000000000e+03 6.746536254882812500e+02
2.450000000000000000e+03 6.583803710937500000e+02
2.460000000000000000e+03 6.600141601562500000e+02
2.470000000000000000e+03 6.808632202148437500e+02
2.480000000000000000e+03 6.731533203125000000e+02
2.490000000000000000e+03 6.800594482421875000e+02
2.500000000000000000e+03 6.851906127929687500e+02
2.510000000000000000e+03 6.639715576171875000e+02
2.520000000000000000e+03 6.598265380859375000e+02
2.530000000000000000e+03 6.693894042968750000e+02
2.540000000000000000e+03 6.695156250000000000e+02
2.550000000000000000e+03 6.672022094726562500e+02
2.560000000000000000e+03 6.591734619140625000e+02
2.570000000000000000e+03 6.727845458984375000e+02
2.580000000000000000e+03 6.573377075195312500e+02
2.590000000000000000e+03 6.687695312500000000e+02
2.600000000000000000e+03 6.829260864257812500e+02
2.610000000000000000e+03 6.659763793945312500e+02
2.620000000000000000e+03 6.698327026367187500e+02
2.630000000000000000e+03 6.594560546875000000e+02
2.640000000000000000e+03 6.666425170898437500e+02
2.650000000000000000e+03 6.597150268554687500e+02
2.660000000000000000e+03 6.789007568359375000e+02
2.670000000000000000e+03 6.656785888671875000e+02
2.680000000000000000e+03 6.743200073242187500e+02
2.690000000000000000e+03 6.615580444335937500e+02
2.700000000000000000e+03 6.619060058593750000e+02
2.710000000000000000e+03 6.574628295898437500e+02
2.720000000000000000e+03 6.762057495117187500e+02
2.730000000000000000e+03 6.631167602539062500e+02
2.740000000000000000e+03 6.542188720703125000e+02
2.750000000000000000e+03 6.704614868164062500e+02
2.760000000000000000e+03 6.790991210937500000e+02
2.770000000000000000e+03 6.703660278320312500e+02
2.780000000000000000e+03 6.564287109375000000e+02
2.790000000000000000e+03 6.619113769531250000e+02
2.800000000000000000e+03 6.661192626953125000e+02
2.810000000000000000e+03 6.781892700195312500e+02
2.820000000000000000e+03 6.534967651367187500e+02
2.830000000000000000e+03 6.679103393554687500e+02
2.840000000000000000e+03 6.641853637695312500e+02
2.850000000000000000e+03 6.788415527343750000e+02
2.860000000000000000e+03 6.624165649414062500e+02
2.870000000000000000e+03 6.727904052734375000e+02
2.880000000000000000e+03 6.645114135742187500e+02
2.890000000000000000e+03 6.565966796875000000e+02
2.900000000000000000e+03 6.574732666015625000e+02
2.910000000000000000e+03 6.789548339843750000e+02
2.920000000000000000e+03 6.645246582031250000e+02
2.930000000000000000e+03 6.763886108398437500e+02
2.940000000000000000e+03 6.755565185546875000e+02
2.950000000000000000e+03 6.627045898437500000e+02
2.960000000000000000e+03 6.543986206054687500e+02
2.970000000000000000e+03 6.537772216796875000e+02
2.980000000000000000e+03 6.478117675781250000e+02
2.990000000000000000e+03 6.628692626953125000e+02
3.000000000000000000e+03 6.588915405273437500e+02
3.010000000000000000e+03 6.527844238281250000e+02
3.020000000000000000e+03 6.857022705078125000e+02
3.030000000000000000e+03 6.665202026367187500e+02
3.040000000000000000e+03 6.771737670898437500e+02
3.050000000000000000e+03 6.711377563476562500e+02
3.060000000000000000e+03 6.688980712890625000e+02
3.070000000000000000e+03 6.719923095703125000e+02
3.080000000000000000e+03 6.517360229492187500e+02
3.090000000000000000e+03 6.658041992187500000e+02
3.100000000000000000e+03 6.852844238281250000e+02
3.110000000000000000e+03 6.628224487304687500e+02
3.120000000000000000e+03 6.655062255859375000e+02
3.130000000000000000e+03 6.775380859375000000e+02
3.140000000000000000e+03 6.799093017578125000e+02
3.150000000000000000e+03 6.425779418945312500e+02
3.160000000000000000e+03 6.725454711914062500e+02
3.170000000000000000e+03 6.729281616210937500e+02
3.180000000000000000e+03 6.684978637695312500e+02
3.190000000000000000e+03 6.577838134765625000e+02
3.200000000000000000e+03 6.623017578125000000e+02
3.210000000000000000e+03 6.469191894531250000e+02
3.220000000000000000e+03 6.524225463867187500e+02
3.230000000000000000e+03 6.683599853515625000e+02
3.240000000000000000e+03 6.634952392578125000e+02
3.250000000000000000e+03 6.740583496093750000e+02
3.260000000000000000e+03 6.692433471679687500e+02
3.270000000000000000e+03 6.659074096679687500e+02
3.280000000000000000e+03 6.638342285156250000e+02
3.290000000000000000e+03 6.731277465820312500e+02
3.300000000000000000e+03 6.631622314453125000e+02
3.310000000000000000e+03 6.816267089843750000e+02
3.320000000000000000e+03 6.417606811523437500e+02
3.330000000000000000e+03 6.864451904296875000e+02
3.340000000000000000e+03 6.667366943359375000e+02
3.350000000000000000e+03 6.563006591796875000e+02
3.360000000000000000e+03 6.552993774414062500e+02
3.370000000000000000e+03 6.666119384765625000e+02
3.380000000000000000e+03 6.751988525390625000e+02
3.390000000000000000e+03 6.640333862304687500e+02
3.400000000000000000e+03 6.680508422851562500e+02
3.410000000000000000e+03 6.640361938476562500e+02
3.420000000000000000e+03 6.674889526367187500e+02
3.430000000000000000e+03 6.645622558593750000e+02
3.440000000000000000e+03 6.700996093750000000e+02
3.450000000000000000e+03 6.670278930664062500e+02
3.460000000000000000e+03 6.639315795898437500e+02
3.470000000000000000e+03 6.669806518554687500e+02
3.480000000000000000e+03 6.624161376953125000e+02
3.490000000000000000e+03 6.726687622070312500e+02
3.500000000000000000e+03 6.815095825195312500e+02
3.510000000000000000e+03 6.688432617187500000e+02
3.520000000000000000e+03 6.663619995117187500e+02
3.530000000000000000e+03 6.563093261718750000e+02
3.540000000000000000e+03 6.654858398437500000e+02
3.550000000000000000e+03 6.463358764648437500e+02
3.560000000000000000e+03 6.589550781250000000e+02
3.570000000000000000e+03 6.720786743164062500e+02
3.580000000000000000e+03 6.663992309570312500e+02
3.590000000000000000e+03 6.766884155273437500e+02
3.600000000000000000e+03 6.566218872070312500e+02
3.610000000000000000e+03 6.456428222656250000e+02
3.620000000000000000e+03 6.614214477539062500e+02
3.630000000000000000e+03 6.698399047851562500e+02
3.640000000000000000e+03 6.793920288085937500e+02
3.650000000000000000e+03 6.807463989257812500e+02
3.660000000000000000e+03 6.645997314453125000e+02
3.670000000000000000e+03 6.639372558593750000e+02
3.680000000000000000e+03 6.566369018554687500e+02
3.690000000000000000e+03 6.878354492187500000e+02
3.700000000000000000e+03 6.720211181640625000e+02
3.710000000000000000e+03 6.834920043945312500e+02
3.720000000000000000e+03 6.600097656250000000e+02
3.730000000000000000e+03 6.577058105468750000e+02
3.740000000000000000e+03 6.652842407226562500e+02
3.750000000000000000e+03 6.539193725585937500e+02
3.760000000000000000e+03 6.791238403320312500e+02
3.770000000000000000e+03 6.607435302734375000e+02
3.780000000000000000e+03 6.554136352539062500e+02
3.790000000000000000e+03 6.503848876953125000e+02
3.800000000000000000e+03 6.615895996093750000e+02
3.810000000000000000e+03 6.677035522460937500e+02
3.820000000000000000e+03 6.663749389648437500e+02
3.830000000000000000e+03 6.647882080078125000e+02
3.840000000000000000e+03 6.717402954101562500e+02
3.850000000000000000e+03 6.521814575195312500e+02
3.860000000000000000e+03 6.591095581054687500e+02
3.870000000000000000e+03 6.403710937500000000e+02
3.880000000000000000e+03 6.548065185546875000e+02
3.890000000000000000e+03 6.497727661132812500e+02
3.900000000000000000e+03 6.590762939453125000e+02
3.910000000000000000e+03 6.750997314453125000e+02
3.920000000000000000e+03 6.766971435546875000e+02
3.930000000000000000e+03 6.767179565429687500e+02
3.940000000000000000e+03 6.539904785156250000e+02
3.950000000000000000e+03 6.650087280273437500e+02
3.960000000000000000e+03 6.332265014648437500e+02
3.970000000000000000e+03 6.547724609375000000e+02
3.980000000000000000e+03 6.624251098632812500e+02
3.990000000000000000e+03 6.651857910156250000e+02
4.000000000000000000e+03 6.710356445312500000e+02
4.010000000000000000e+03 6.643656616210937500e+02
4.020000000000000000e+03 6.768804321289062500e+02
4.030000000000000000e+03 6.735620117187500000e+02
4.040000000000000000e+03 6.891387939453125000e+02
4.050000000000000000e+03 6.887926025390625000e+02
4.060000000000000000e+03 6.707913208007812500e+02
4.070000000000000000e+03 6.569971923828125000e+02
4.080000000000000000e+03 6.633045654296875000e+02
4.090000000000000000e+03 6.668499145507812500e+02
4.100000000000000000e+03 6.714960327148437500e+02
4.110000000000000000e+03 6.490487670898437500e+02
4.120000000000000000e+03 6.526389160156250000e+02
4.130000000000000000e+03 6.531711425781250000e+02
4.140000000000000000e+03 6.626267089843750000e+02
4.150000000000000000e+03 6.673576049804687500e+02
4.160000000000000000e+03 6.830523071289062500e+02
4.170000000000000000e+03 6.742076416015625000e+02
4.180000000000000000e+03 6.650159301757812500e+02
4.190000000000000000e+03 6.575529785156250000e+02
4.200000000000000000e+03 6.625918579101562500e+02
4.210000000000000000e+03 6.626226196289062500e+02
4.220000000000000000e+03 6.607643432617187500e+02
4.230000000000000000e+03 6.539970703125000000e+02
4.240000000000000000e+03 6.676152954101562500e+02
4.250000000000000000e+03 6.763740234375000000e+02
4.260000000000000000e+03 6.627553100585937500e+02
4.270000000000000000e+03 6.602661132812500000e+02
4.280000000000000000e+03 6.738704223632812500e+02
4.290000000000000000e+03 6.698333129882812500e+02
4.300000000000000000e+03 6.602874145507812500e+02
4.310000000000000000e+03 6.675422363281250000e+02
4.320000000000000000e+03 6.606481323242187500e+02
4.330000000000000000e+03 6.668493652343750000e+02
4.340000000000000000e+03 6.472634887695312500e+02
4.350000000000000000e+03 6.631295776367187500e+02
4.360000000000000000e+03 6.543002319335937500e+02
4.370000000000000000e+03 6.581178588867187500e+02
4.380000000000000000e+03 6.648687133789062500e+02
4.390000000000000000e+03 6.671780395507812500e+02
4.400000000000000000e+03 6.536020507812500000e+02
4.410000000000000000e+03 6.531776123046875000e+02
4.420000000000000000e+03 6.544078979492187500e+02
4.430000000000000000e+03 6.680358276367187500e+02
4.440000000000000000e+03 6.812831420898437500e+02
4.450000000000000000e+03 6.575591430664062500e+02
4.460000000000000000e+03 6.698568115234375000e+02
4.470000000000000000e+03 6.660939941406250000e+02
4.480000000000000000e+03 6.625552368164062500e+02
4.490000000000000000e+03 6.654472045898437500e+02
4.500000000000000000e+03 6.639674072265625000e+02
4.510000000000000000e+03 6.668306884765625000e+02
4.520000000000000000e+03 6.570932006835937500e+02
4.530000000000000000e+03 6.671881713867187500e+02
4.540000000000000000e+03 6.750950317382812500e+02
4.550000000000000000e+03 6.722449951171875000e+02
4.560000000000000000e+03 6.685438842773437500e+02
4.570000000000000000e+03 6.530210571289062500e+02
4.580000000000000000e+03 6.705391235351562500e+02
4.590000000000000000e+03 6.795551757812500000e+02
4.600000000000000000e+03 6.708897094726562500e+02
4.610000000000000000e+03 6.729139404296875000e+02
4.620000000000000000e+03 6.557324218750000000e+02
4.630000000000000000e+03 6.684524536132812500e+02
4.640000000000000000e+03 6.444238281250000000e+02
4.650000000000000000e+03 6.618450317382812500e+02
4.660000000000000000e+03 6.566626586914062500e+02
4.670000000000000000e+03 6.717678833007812500e+02
4.680000000000000000e+03 6.792962646484375000e+02
4.690000000000000000e+03 6.657459716796875000e+02
4.700000000000000000e+03 6.610856933593750000e+02
4.710000000000000000e+03 6.518327026367187500e+02
4.720000000000000000e+03 6.391182250976562500e+02
4.730000000000000000e+03 6.650490722656250000e+02
4.740000000000000000e+03 6.636343383789062500e+02
4.750000000000000000e+03 6.649194335937500000e+02
4.760000000000000000e+03 6.752149658203125000e+02
4.770000000000000000e+03 6.743864135742187500e+02
4.780000000000000000e+03 6.676612548828125000e+02
4.790000000000000000e+03 6.691331787109375000e+02
4.800000000000000000e+03 6.688170166015625000e+02
4.810000000000000000e+03 6.552393188476562500e+02
4.820000000000000000e+03 6.556473388671875000e+02
4.830000000000000000e+03 6.611369628906250000e+02
4.840000000000000000e+03 6.704452514648437500e+02
4.850000000000000000e+03 6.810664062500000000e+02
4.860000000000000000e+03 6.610327758789062500e+02
4.870000000000000000e+03 6.596804199218750000e+02
4.880000000000000000e+03 6.604614257812500000e+02
4.890000000000000000e+03 6.692307128906250000e+02
4.900000000000000000e+03 6.645701904296875000e+02
4.910000000000000000e+03 6.744816894531250000e+02
4.920000000000000000e+03 6.641289672851562500e+02
4.930000000000000000e+03 6.562718505859375000e+02
4.940000000000000000e+03 6.573785400390625000e+02
4.950000000000000000e+03 6.586854858398437500e+02
4.960000000000000000e+03 6.600802001953125000e+02
4.970000000000000000e+03 6.617984619140625000e+02
4.980000000000000000e+03 6.637150268554687500e+02
4.990000000000000000e+03 6.684039916992187500e+02
5.000000000000000000e+03 6.883889160156250000e+02
5.010000000000000000e+03 6.780588378906250000e+02
5.020000000000000000e+03 6.725991210937500000e+02
5.030000000000000000e+03 6.616338500976562500e+02
5.040000000000000000e+03 6.482119750976562500e+02
5.050000000000000000e+03 6.478695678710937500e+02
5.060000000000000000e+03 6.565343627929687500e+02
5.070000000000000000e+03 6.510389404296875000e+02
5.080000000000000000e+03 6.619654541015625000e+02
5.090000000000000000e+03 6.724420776367187500e+02
5.100000000000000000e+03 6.615119628906250000e+02
5.110000000000000000e+03 6.642407836914062500e+02
5.120000000000000000e+03 6.649335327148437500e+02
5.130000000000000000e+03 6.466320190429687500e+02
5.140000000000000000e+03 6.594310913085937500e+02
5.150000000000000000e+03 6.465764770507812500e+02
5.160000000000000000e+03 6.626111450195312500e+02
5.170000000000000000e+03 6.507666015625000000e+02
5.180000000000000000e+03 6.484111328125000000e+02
5.190000000000000000e+03 6.560970458984375000e+02
5.200000000000000000e+03 6.522135009765625000e+02
5.210000000000000000e+03 6.689743041992187500e+02
5.220000000000000000e+03 6.638955688476562500e+02
5.230000000000000000e+03 6.617410278320312500e+02
5.240000000000000000e+03 6.759227294921875000e+02
5.250000000000000000e+03 6.477193603515625000e+02
5.260000000000000000e+03 6.503717651367187500e+02
5.270000000000000000e+03 6.654309082031250000e+02
5.280000000000000000e+03 6.764096679687500000e+02
5.290000000000000000e+03 6.675128173828125000e+02
5.300000000000000000e+03 6.586806030273437500e+02
5.310000000000000000e+03 6.541201782226562500e+02
5.320000000000000000e+03 6.603638305664062500e+02
5.330000000000000000e+03 6.730159912109375000e+02
5.340000000000000000e+03 6.496903076171875000e+02
5.350000000000000000e+03 6.524241943359375000e+02
5.360000000000000000e+03 6.519677124023437500e+02
5.370000000000000000e+03 6.560349121093750000e+02
5.380000000000000000e+03 6.655590209960937500e+02
5.390000000000000000e+03 6.710187988281250000e+02
5.400000000000000000e+03 6.616207885742187500e+02
5.410000000000000000e+03 6.651154174804687500e+02
5.420000000000000000e+03 6.637331542968750000e+02
5.430000000000000000e+03 6.619020996093750000e+02
5.440000000000000000e+03 6.618864135742187500e+02
5.450000000000000000e+03 6.847503051757812500e+02
5.460000000000000000e+03 6.627301635742187500e+02
5.470000000000000000e+03 6.569506835937500000e+02
5.480000000000000000e+03 6.687800903320312500e+02
5.490000000000000000e+03 6.479334716796875000e+02
5.500000000000000000e+03 6.485585327148437500e+02
5.510000000000000000e+03 6.647868652343750000e+02
5.520000000000000000e+03 6.600344238281250000e+02
5.530000000000000000e+03 6.864962768554687500e+02
5.540000000000000000e+03 6.610634155273437500e+02
5.550000000000000000e+03 6.679470214843750000e+02
5.560000000000000000e+03 6.717149047851562500e+02
5.570000000000000000e+03 6.801320190429687500e+02
5.580000000000000000e+03 6.777248535156250000e+02
5.590000000000000000e+03 6.700394897460937500e+02
5.600000000000000000e+03 6.725809936523437500e+02
5.610000000000000000e+03 6.683745727539062500e+02
5.620000000000000000e+03 6.757573242187500000e+02
5.630000000000000000e+03 6.740577392578125000e+02
5.640000000000000000e+03 6.529286499023437500e+02
5.650000000000000000e+03 6.667805786132812500e+02
5.660000000000000000e+03 6.447948608398437500e+02
5.670000000000000000e+03 6.641918945312500000e+02
5.680000000000000000e+03 6.722690429687500000e+02
5.690000000000000000e+03 6.580555419921875000e+02
5.700000000000000000e+03 6.725148925781250000e+02
5.710000000000000000e+03 6.607604980468750000e+02
5.720000000000000000e+03 6.524379882812500000e+02
5.730000000000000000e+03 6.616221313476562500e+02
5.740000000000000000e+03 6.668599243164062500e+02
5.750000000000000000e+03 6.541993408203125000e+02
5.760000000000000000e+03 6.538787231445312500e+02
5.770000000000000000e+03 6.697255249023437500e+02
5.780000000000000000e+03 6.799941406250000000e+02
5.790000000000000000e+03 6.689680175781250000e+02
5.800000000000000000e+03 6.586660156250000000e+02
5.810000000000000000e+03 6.546259155273437500e+02
5.820000000000000000e+03 6.678516845703125000e+02
5.830000000000000000e+03 6.586444091796875000e+02
5.840000000000000000e+03 6.685115966796875000e+02
5.850000000000000000e+03 6.817807006835937500e+02
5.860000000000000000e+03 6.716890869140625000e+02
5.870000000000000000e+03 6.756540527343750000e+02
5.880000000000000000e+03 6.753205566406250000e+02
5.890000000000000000e+03 6.784338378906250000e+02
5.900000000000000000e+03 6.677217407226562500e+02
5.910000000000000000e+03 6.572121582031250000e+02
5.920000000000000000e+03 6.832526855468750000e+02
5.930000000000000000e+03 6.689121093750000000e+02
5.940000000000000000e+03 6.863917236328125000e+02
5.950000000000000000e+03 6.769851074218750000e+02
5.960000000000000000e+03 6.745123901367187500e+02
5.970000000000000000e+03 6.635014038085937500e+02
5.980000000000000000e+03 6.653967895507812500e+02
5.990000000000000000e+03 6.635288085937500000e+02
6.000000000000000000e+03 6.840823974609375000e+02
6.010000000000000000e+03 6.838516235351562500e+02
6.020000000000000000e+03 6.768336181640625000e+02
6.030000000000000000e+03 6.541177368164062500e+02
6.040000000000000000e+03 6.525217895507812500e+02
6.050000000000000000e+03 6.473096313476562500e+02
6.060000000000000000e+03 6.622797851562500000e+02
6.070000000000000000e+03 6.648980712890625000e+02
6.080000000000000000e+03 6.518143920898437500e+02
6.090000000000000000e+03 6.867745971679687500e+02
6.100000000000000000e+03 6.699489135742187500e+02
6.110000000000000000e+03 6.676348266601562500e+02
6.120000000000000000e+03 6.577011108398437500e+02
6.130000000000000000e+03 6.660343627929687500e+02
6.140000000000000000e+03 6.504354248046875000e+02
6.150000000000000000e+03 6.635273437500000000e+02
6.160000000000000000e+03 6.605184326171875000e+02
6.170000000000000000e+03 6.581481933593750000e+02
6.180000000000000000e+03 6.559714355468750000e+02
6.190000000000000000e+03 6.641676635742187500e+02
6.200000000000000000e+03 6.742041015625000000e+02
6.210000000000000000e+03 6.718352661132812500e+02
6.220000000000000000e+03 6.597641601562500000e+02
6.230000000000000000e+03 6.657570190429687500e+02
6.240000000000000000e+03 6.549796752929687500e+02
6.250000000000000000e+03 6.601350097656250000e+02
6.260000000000000000e+03 6.642293090820312500e+02
6.270000000000000000e+03 6.740195312500000000e+02
6.280000000000000000e+03 6.703442993164062500e+02
6.290000000000000000e+03 6.561034545898437500e+02
6.300000000000000000e+03 6.510172119140625000e+02
6.310000000000000000e+03 6.638449707031250000e+02
6.320000000000000000e+03 6.670188598632812500e+02
6.330000000000000000e+03 6.747639160156250000e+02
6.340000000000000000e+03 6.793349609375000000e+02
6.350000000000000000e+03 6.526263427734375000e+02
6.360000000000000000e+03 6.545997314453125000e+02
6.370000000000000000e+03 6.702081909179687500e+02
6.380000000000000000e+03 6.692785034179687500e+02
6.390000000000000000e+03 6.690662841796875000e+02
6.400000000000000000e+03 6.592930297851562500e+02
6.410000000000000000e+03 6.521542968750000000e+02
6.420000000000000000e+03 6.621122436523437500e+02
6.430000000000000000e+03 6.390993652343750000e+02
6.440000000000000000e+03 6.542908325195312500e+02
6.450000000000000000e+03 6.690766601562500000e+02
6.460000000000000000e+03 6.618825073242187500e+02
6.470000000000000000e+03 6.777148437500000000e+02
6.480000000000000000e+03 6.762811279296875000e+02
6.490000000000000000e+03 6.628847045898437500e+02
6.500000000000000000e+03 6.533333740234375000e+02
6.510000000000000000e+03 6.526338500976562500e+02
6.520000000000000000e+03 6.538236694335937500e+02
6.530000000000000000e+03 6.661538696289062500e+02
6.540000000000000000e+03 6.625455322265625000e+02
6.550000000000000000e+03 6.639178466796875000e+02
6.560000000000000000e+03 6.568503417968750000e+02
6.570000000000000000e+03 6.470549316406250000e+02
6.580000000000000000e+03 6.664906616210937500e+02
6.590000000000000000e+03 6.688516235351562500e+02
6.600000000000000000e+03 6.803909301757812500e+02
6.610000000000000000e+03 6.828652343750000000e+02
6.620000000000000000e+03 6.572866210937500000e+02
6.630000000000000000e+03 6.742846069335937500e+02
6.640000000000000000e+03 6.830327758789062500e+02
6.650000000000000000e+03 6.621061401367187500e+02
6.660000000000000000e+03 6.667778930664062500e+02
6.670000000000000000e+03 6.542199096679687500e+02
6.680000000000000000e+03 6.523164672851562500e+02
6.690000000000000000e+03 6.751955566406250000e+02
6.700000000000000000e+03 6.629273071289062500e+02
6.710000000000000000e+03 6.839435424804687500e+02
6.720000000000000000e+03 6.780915527343750000e+02
6.730000000000000000e+03 6.594201049804687500e+02
6.740000000000000000e+03 6.612913818359375000e+02
6.750000000000000000e+03 6.575691528320312500e+02
6.760000000000000000e+03 6.635469970703125000e+02
6.770000000000000000e+03 6.595124511718750000e+02
6.780000000000000000e+03 6.715292968750000000e+02
6.790000000000000000e+03 6.605918579101562500e+02
6.800000000000000000e+03 6.583605346679687500e+02
6.810000000000000000e+03 6.644258422851562500e+02
6.820000000000000000e+03 6.755054931640625000e+02
6.830000000000000000e+03 6.658071289062500000e+02
6.840000000000000000e+03 6.652085571289062500e+02
6.850000000000000000e+03 6.673299560546875000e+02
6.860000000000000000e+03 6.630363769531250000e+02
6.870000000000000000e+03 6.650653686523437500e+02
6.880000000000000000e+03 6.764561157226562500e+02
6.890000000000000000e+03 6.595123291015625000e+02
6.900000000000000000e+03 6.820675659179687500e+02
6.910000000000000000e+03 6.729515991210937500e+02
6.920000000000000000e+03 6.563026123046875000e+02
6.930000000000000000e+03 6.549434814453125000e+02
6.940000000000000000e+03 6.719481201171875000e+02
6.950000000000000000e+03 6.758486938476562500e+02
6.960000000000000000e+03 6.740801391601562500e+02
6.970000000000000000e+03 6.585447998046875000e+02
6.980000000000000000e+03 6.657047119140625000e+02
6.990000000000000000e+03 6.656945800781250000e+02
7.000000000000000000e+03 6.668890380859375000e+02
7.010000000000000000e+03 6.669774169921875000e+02
7.020000000000000000e+03 6.634521484375000000e+02
7.030000000000000000e+03 6.563778686523437500e+02
7.040000000000000000e+03 6.429038085937500000e+02
7.050000000000000000e+03 6.764659423828125000e+02
7.060000000000000000e+03 6.720510253906250000e+02
7.070000000000000000e+03 6.687696533203125000e+02
7.080000000000000000e+03 6.567252197265625000e+02
7.090000000000000000e+03 6.668396606445312500e+02
7.100000000000000000e+03 6.677286987304687500e+02
7.110000000000000000e+03 6.641830444335937500e+02
7.120000000000000000e+03 6.675600585937500000e+02
7.130000000000000000e+03 6.418759155273437500e+02
7.140000000000000000e+03 6.572377929687500000e+02
7.150000000000000000e+03 6.570347290039062500e+02
7.160000000000000000e+03 6.721531372070312500e+02
7.170000000000000000e+03 6.704493408203125000e+02
7.180000000000000000e+03 6.609596557617187500e+02
7.190000000000000000e+03 6.638124389648437500e+02
7.200000000000000000e+03 6.724100952148437500e+02
7.210000000000000000e+03 6.832606201171875000e+02
7.220000000000000000e+03 6.776547241210937500e+02
7.230000000000000000e+03 6.691260375976562500e+02
7.240000000000000000e+03 6.670356445312500000e+02
7.250000000000000000e+03 6.616696166992187500e+02
7.260000000000000000e+03 6.618148193359375000e+02
7.270000000000000000e+03 6.581819458007812500e+02
7.280000000000000000e+03 6.821912841796875000e+02
7.290000000000000000e+03 6.655056762695312500e+02
7.300000000000000000e+03 6.622850341796875000e+02
7.310000000000000000e+03 6.614625244140625000e+02
7.320000000000000000e+03 6.753837280273437500e+02
7.330000000000000000e+03 6.675462646484375000e+02
7.340000000000000000e+03 6.583406982421875000e+02
7.350000000000000000e+03 6.477947998046875000e+02
7.360000000000000000e+03 6.599958496093750000e+02
7.370000000000000000e+03 6.804522705078125000e+02
7.380000000000000000e+03 6.671735839843750000e+02
7.390000000000000000e+03 6.768655395507812500e+02
7.400000000000000000e+03 6.573314819335937500e+02
7.410000000000000000e+03 6.641818237304687500e+02
7.420000000000000000e+03 6.683637695312500000e+02
7.430000000000000000e+03 6.577315063476562500e+02
7.440000000000000000e+03 6.709693603515625000e+02
7.450000000000000000e+03 6.634436645507812500e+02
7.460000000000000000e+03 6.817046508789062500e+02
7.470000000000000000e+03 6.706737670898437500e+02
7.480000000000000000e+03 6.602905273437500000e+02
7.490000000000000000e+03 6.678841552734375000e+02
7.500000000000000000e+03 6.673649291992187500e+02
7.510000000000000000e+03 6.584968872070312500e+02
7.520000000000000000e+03 6.701613159179687500e+02
7.530000000000000000e+03 6.663914794921875000e+02
7.540000000000000000e+03 6.699270019531250000e+02
7.550000000000000000e+03 6.465518188476562500e+02
7.560000000000000000e+03 6.507662963867187500e+02
7.570000000000000000e+03 6.635882568359375000e+02
7.580000000000000000e+03 6.541367797851562500e+02
7.590000000000000000e+03 6.721043701171875000e+02
7.600000000000000000e+03 6.506500854492187500e+02
7.610000000000000000e+03 6.653742065429687500e+02
7.620000000000000000e+03 6.526876220703125000e+02
7.630000000000000000e+03 6.706642456054687500e+02
7.640000000000000000e+03 6.637332763671875000e+02
7.650000000000000000e+03 6.706237792968750000e+02
7.660000000000000000e+03 6.602478027343750000e+02
7.670000000000000000e+03 6.601202392578125000e+02
7.680000000000000000e+03 6.606996459960937500e+02
7.690000000000000000e+03 6.664635620117187500e+02
7.700000000000000000e+03 6.530060424804687500e+02
7.710000000000000000e+03 6.553649291992187500e+02
7.720000000000000000e+03 6.624331665039062500e+02
7.730000000000000000e+03 6.594071655273437500e+02
7.740000000000000000e+03 6.760134887695312500e+02
7.750000000000000000e+03 6.776567993164062500e+02
7.760000000000000000e+03 6.572098388671875000e+02
7.770000000000000000e+03 6.672951660156250000e+02
7.780000000000000000e+03 6.555119628906250000e+02
7.790000000000000000e+03 6.509421386718750000e+02
7.800000000000000000e+03 6.560026855468750000e+02
7.810000000000000000e+03 6.554827270507812500e+02
7.820000000000000000e+03 6.624849853515625000e+02
7.830000000000000000e+03 6.643338623046875000e+02
7.840000000000000000e+03 6.575067749023437500e+02
7.850000000000000000e+03 6.639376220703125000e+02
7.860000000000000000e+03 6.687808837890625000e+02
7.870000000000000000e+03 6.665536499023437500e+02
7.880000000000000000e+03 6.665643310546875000e+02
7.890000000000000000e+03 6.635409545898437500e+02
7.900000000000000000e+03 6.567407836914062500e+02
7.910000000000000000e+03 6.552546997070312500e+02
7.920000000000000000e+03 6.544465332031250000e+02
7.930000000000000000e+03 6.700268554687500000e+02
7.940000000000000000e+03 6.755176391601562500e+02
7.950000000000000000e+03 6.704693603515625000e+02
7.960000000000000000e+03 6.786657104492187500e+02
7.970000000000000000e+03 6.608404541015625000e+02
7.980000000000000000e+03 6.790541992187500000e+02
7.990000000000000000e+03 6.729600219726562500e+02
8.000000000000000000e+03 6.695059204101562500e+02
8.010000000000000000e+03 6.558847045898437500e+02
8.020000000000000000e+03 6.636228637695312500e+02
8.030000000000000000e+03 6.493956909179687500e+02
8.040000000000000000e+03 6.601926269531250000e+02
8.050000000000000000e+03 6.791865844726562500e+02
8.060000000000000000e+03 6.573132324218750000e+02
8.070000000000000000e+03 6.602315063476562500e+02
8.080000000000000000e+03 6.740015258789062500e+02
8.090000000000000000e+03 6.546054687500000000e+02
8.100000000000000000e+03 6.753595581054687500e+02
8.110000000000000000e+03 6.543696899414062500e+02
8.120000000000000000e+03 6.591573486328125000e+02
8.130000000000000000e+03 6.642463378906250000e+02
8.140000000000000000e+03 6.405211181640625000e+02
8.150000000000000000e+03 6.719901733398437500e+02
8.160000000000000000e+03 6.576148681640625000e+02
8.170000000000000000e+03 6.663609619140625000e+02
8.180000000000000000e+03 6.500195312500000000e+02
8.190000000000000000e+03 6.687828369140625000e+02
8.200000000000000000e+03 6.603019409179687500e+02
8.210000000000000000e+03 6.566513061523437500e+02
8.220000000000000000e+03 6.684078369140625000e+02
8.230000000000000000e+03 6.589813842773437500e+02
8.240000000000000000e+03 6.531215820312500000e+02
8.250000000000000000e+03 6.621942749023437500e+02
8.260000000000000000e+03 6.601922607421875000e+02
8.270000000000000000e+03 6.520985717773437500e+02
8.280000000000000000e+03 6.642575073242187500e+02
8.290000000000000000e+03 6.705161743164062500e+02
8.300000000000000000e+03 6.669131469726562500e+02
8.310000000000000000e+03 6.762477416992187500e+02
8.320000000000000000e+03 6.611677856445312500e+02
8.330000000000000000e+03 6.589107055664062500e+02
8.340000000000000000e+03 6.539956054687500000e+02
8.350000000000000000e+03 6.519082641601562500e+02
8.360000000000000000e+03 6.701018066406250000e+02
8.370000000000000000e+03 6.691326904296875000e+02
8.380000000000000000e+03 6.772308959960937500e+02
8.390000000000000000e+03 6.598605957031250000e+02
8.400000000000000000e+03 6.681047973632812500e+02
8.410000000000000000e+03 6.639548950195312500e+02
8.420000000000000000e+03 6.633129272460937500e+02
8.430000000000000000e+03 6.660591430664062500e+02
8.440000000000000000e+03 6.750330810546875000e+02
8.450000000000000000e+03 6.679457397460937500e+02
8.460000000000000000e+03 6.756723022460937500e+02
8.470000000000000000e+03 6.612790527343750000e+02
8.480000000000000000e+03 6.499093017578125000e+02
8.490000000000000000e+03 6.604364624023437500e+02
8.500000000000000000e+03 6.553276977539062500e+02
8.510000000000000000e+03 6.551210327148437500e+02
8.520000000000000000e+03 6.740061035156250000e+02
8.530000000000000000e+03 6.775274658203125000e+02
8.540000000000000000e+03 6.683315429687500000e+02
8.550000000000000000e+03 6.692611083984375000e+02
8.560000000000000000e+03 6.427217407226562500e+02
8.570000000000000000e+03 6.522728271484375000e+02
8.580000000000000000e+03 6.481939697265625000e+02
8.590000000000000000e+03 6.627885742187500000e+02
8.600000000000000000e+03 6.670861816406250000e+02
8.610000000000000000e+03 6.665982666015625000e+02
8.620000000000000000e+03 6.667131347656250000e+02
8.630000000000000000e+03 6.598287353515625000e+02
8.640000000000000000e+03 6.721593627929687500e+02
8.650000000000000000e+03 6.597260131835937500e+02
8.660000000000000000e+03 6.687329101562500000e+02
8.670000000000000000e+03 6.587374877929687500e+02
8.680000000000000000e+03 6.584973754882812500e+02
8.690000000000000000e+03 6.673574829101562500e+02
8.700000000000000000e+03 6.682337036132812500e+02
8.710000000000000000e+03 6.557827758789062500e+02
8.720000000000000000e+03 6.515980224609375000e+02
8.730000000000000000e+03 6.552890625000000000e+02
8.740000000000000000e+03 6.692155761718750000e+02
8.750000000000000000e+03 6.607542114257812500e+02
8.760000000000000000e+03 6.656671142578125000e+02
8.770000000000000000e+03 6.575537719726562500e+02
8.780000000000000000e+03 6.807388305664062500e+02
8.790000000000000000e+03 6.682593994140625000e+02
8.800000000000000000e+03 6.484646606445312500e+02
8.810000000000000000e+03 6.351838378906250000e+02
8.820000000000000000e+03 6.327220458984375000e+02
8.830000000000000000e+03 6.575628051757812500e+02
8.840000000000000000e+03 6.658621215820312500e+02
8.850000000000000000e+03 6.648781738281250000e+02
8.860000000000000000e+03 6.582846069335937500e+02
8.870000000000000000e+03 6.524811401367187500e+02
8.880000000000000000e+03 6.683405761718750000e+02
8.890000000000000000e+03 6.700411987304687500e+02
8.900000000000000000e+03 6.640962524414062500e+02
8.910000000000000000e+03 6.759943237304687500e+02
8.920000000000000000e+03 6.517916870117187500e+02
8.930000000000000000e+03 6.537947387695312500e+02
8.940000000000000000e+03 6.594388427734375000e+02
8.950000000000000000e+03 6.712183837890625000e+02
8.960000000000000000e+03 6.661030273437500000e+02
8.970000000000000000e+03 6.574093627929687500e+02
8.980000000000000000e+03 6.796720581054687500e+02
8.990000000000000000e+03 6.629533691406250000e+02
9.000000000000000000e+03 6.668811035156250000e+02
9.010000000000000000e+03 6.711947021484375000e+02
9.020000000000000000e+03 6.694759521484375000e+02
9.030000000000000000e+03 6.743241577148437500e+02
9.040000000000000000e+03 6.616018066406250000e+02
9.050000000000000000e+03 6.740089111328125000e+02
9.060000000000000000e+03 6.606516723632812500e+02
9.070000000000000000e+03 6.591155395507812500e+02
9.080000000000000000e+03 6.693664550781250000e+02
9.090000000000000000e+03 6.773264770507812500e+02
9.100000000000000000e+03 6.700270996093750000e+02
9.110000000000000000e+03 6.521057739257812500e+02
9.120000000000000000e+03 6.664969482421875000e+02
9.130000000000000000e+03 6.740807495117187500e+02
9.140000000000000000e+03 6.810751342773437500e+02
9.150000000000000000e+03 6.724362182617187500e+02
9.160000000000000000e+03 6.713823242187500000e+02
9.170000000000000000e+03 6.597237548828125000e+02
9.180000000000000000e+03 6.550453491210937500e+02
9.190000000000000000e+03 6.713829956054687500e+02
9.200000000000000000e+03 6.553075561523437500e+02
9.210000000000000000e+03 6.899151000976562500e+02
9.220000000000000000e+03 6.803685302734375000e+02
9.230000000000000000e+03 6.611785278320312500e+02
9.240000000000000000e+03 6.560281372070312500e+02
9.250000000000000000e+03 6.654971923828125000e+02
9.260000000000000000e+03 6.550312500000000000e+02
9.270000000000000000e+03 6.531737060546875000e+02
9.280000000000000000e+03 6.549812011718750000e+02
9.290000000000000000e+03 6.718079833984375000e+02
9.300000000000000000e+03 6.725641479492187500e+02
9.310000000000000000e+03 6.727314453125000000e+02
9.320000000000000000e+03 6.614504394531250000e+02
9.330000000000000000e+03 6.784501953125000000e+02
9.340000000000000000e+03 6.653590087890625000e+02
9.350000000000000000e+03 6.736478881835937500e+02
9.360000000000000000e+03 6.563740234375000000e+02
9.370000000000000000e+03 6.458794555664062500e+02
9.380000000000000000e+03 6.373777465820312500e+02
9.390000000000000000e+03 6.540928344726562500e+02
9.400000000000000000e+03 6.812773437500000000e+02
9.410000000000000000e+03 6.718961181640625000e+02
9.420000000000000000e+03 6.765869140625000000e+02
9.430000000000000000e+03 6.713013916015625000e+02
9.440000000000000000e+03 6.638554077148437500e+02
9.450000000000000000e+03 6.800889892578125000e+02
9.460000000000000000e+03 6.704987792968750000e+02
9.470000000000000000e+03 6.663711547851562500e+02
9.480000000000000000e+03 6.722483520507812500e+02
9.490000000000000000e+03 6.686495971679687500e+02
9.500000000000000000e+03 6.632263183593750000e+02
9.510000000000000000e+03 6.763601684570312500e+02
9.520000000000000000e+03 6.898096313476562500e+02
9.530000000000000000e+03 6.611950683593750000e+02
9.540000000000000000e+03 6.684205322265625000e+02
9.550000000000000000e+03 6.766353759765625000e+02
9.560000000000000000e+03 6.644855346679687500e+02
9.570000000000000000e+03 6.681413574218750000e+02
9.580000000000000000e+03 6.698798828125000000e+02
9.590000000000000000e+03 6.679220581054687500e+02
9.600000000000000000e+03 6.795849609375000000e+02
9.610000000000000000e+03 6.606971435546875000e+02
9.620000000000000000e+03 6.730358276367187500e+02
9.630000000000000000e+03 6.840843505859375000e+02
9.640000000000000000e+03 6.739907226562500000e+02
9.650000000000000000e+03 6.591774902343750000e+02
9.660000000000000000e+03 6.453915405273437500e+02
9.670000000000000000e+03 6.682996215820312500e+02
9.680000000000000000e+03 6.677338256835937500e+02
9.690000000000000000e+03 6.787810668945312500e+02
9.700000000000000000e+03 6.744136352539062500e+02
9.710000000000000000e+03 6.576514282226562500e+02
9.720000000000000000e+03 6.635458374023437500e+02
9.730000000000000000e+03 6.588899536132812500e+02
9.740000000000000000e+03 6.694201049804687500e+02
9.750000000000000000e+03 6.767460327148437500e+02
9.760000000000000000e+03 6.456499633789062500e+02
9.770000000000000000e+03 6.703153076171875000e+02
9.780000000000000000e+03 6.783334960937500000e+02
9.790000000000000000e+03 6.545622558593750000e+02
9.800000000000000000e+03 6.565696411132812500e+02
9.810000000000000000e+03 6.569737548828125000e+02
9.820000000000000000e+03 6.647592163085937500e+02
9.830000000000000000e+03 6.728103027343750000e+02
9.840000000000000000e+03 6.582037353515625000e+02
9.850000000000000000e+03 6.632451782226562500e+02
9.860000000000000000e+03 6.710950927734375000e+02
9.870000000000000000e+03 6.705892944335937500e+02
9.880000000000000000e+03 6.536038818359375000e+02
9.890000000000000000e+03 6.553374023437500000e+02
9.900000000000000000e+03 6.709279174804687500e+02
9.910000000000000000e+03 6.551807861328125000e+02
9.920000000000000000e+03 6.569340209960937500e+02
9.930000000000000000e+03 6.811045532226562500e+02
9.940000000000000000e+03 6.627140502929687500e+02
9.950000000000000000e+03 6.461612548828125000e+02
9.960000000000000000e+03 6.576455078125000000e+02
9.970000000000000000e+03 6.595390014648437500e+02
9.980000000000000000e+03 6.586230468750000000e+02
9.990000000000000000e+03 6.630466918945312500e+02
1.000000000000000000e+04 6.746510009765625000e+02
