# # Time (ps)	Density (kg/m^3)
0.000000000000000000e+00 6.791832885742187500e+02
1.000000000000000000e+01 6.784667968750000000e+02
2.000000000000000000e+01 6.905284423828125000e+02
3.000000000000000000e+01 7.004467773437500000e+02
4.000000000000000000e+01 7.099070434570312500e+02
5.000000000000000000e+01 7.034662475585937500e+02
6.000000000000000000e+01 7.014392700195312500e+02
7.000000000000000000e+01 7.060358886718750000e+02
8.000000000000000000e+01 7.004373168945312500e+02
9.000000000000000000e+01 7.068610229492187500e+02
1.000000000000000000e+02 7.079296264648437500e+02
1.100000000000000000e+02 7.028616943359375000e+02
1.200000000000000000e+02 7.091667480468750000e+02
1.300000000000000000e+02 7.091353149414062500e+02
1.400000000000000000e+02 7.180452270507812500e+02
1.500000000000000000e+02 7.097028808593750000e+02
1.600000000000000000e+02 7.065933837890625000e+02
1.700000000000000000e+02 6.964232788085937500e+02
1.800000000000000000e+02 6.997159423828125000e+02
1.900000000000000000e+02 7.048960571289062500e+02
2.000000000000000000e+02 7.054769897460937500e+02
2.100000000000000000e+02 7.000997924804687500e+02
2.200000000000000000e+02 6.810095825195312500e+02
2.300000000000000000e+02 6.997307128906250000e+02
2.400000000000000000e+02 7.003415527343750000e+02
2.500000000000000000e+02 7.005489501953125000e+02
2.600000000000000000e+02 7.022894897460937500e+02
2.700000000000000000e+02 6.972219848632812500e+02
2.800000000000000000e+02 6.938813476562500000e+02
2.900000000000000000e+02 6.921864013671875000e+02
3.000000000000000000e+02 7.078476562500000000e+02
3.100000000000000000e+02 7.117630615234375000e+02
3.200000000000000000e+02 7.001119384765625000e+02
3.300000000000000000e+02 6.882576904296875000e+02
3.400000000000000000e+02 6.957735595703125000e+02
3.500000000000000000e+02 6.995531616210937500e+02
3.600000000000000000e+02 7.060082397460937500e+02
3.700000000000000000e+02 6.931773681640625000e+02
3.800000000000000000e+02 6.984552612304687500e+02
3.900000000000000000e+02 6.980021362304687500e+02
4.000000000000000000e+02 7.006300048828125000e+02
4.100000000000000000e+02 7.049005126953125000e+02
4.200000000000000000e+02 6.879389648437500000e+02
4.300000000000000000e+02 6.929438476562500000e+02
4.400000000000000000e+02 7.124259033203125000e+02
4.500000000000000000e+02 6.927420043945312500e+02
4.600000000000000000e+02 7.090531616210937500e+02
4.700000000000000000e+02 7.016225585937500000e+02
4.800000000000000000e+02 7.047145385742187500e+02
4.900000000000000000e+02 7.076870727539062500e+02
5.000000000000000000e+02 7.007073974609375000e+02
5.100000000000000000e+02 7.088580932617187500e+02
5.200000000000000000e+02 7.174626464843750000e+02
5.300000000000000000e+02 7.111518554687500000e+02
5.400000000000000000e+02 6.977866210937500000e+02
5.500000000000000000e+02 6.876976928710937500e+02
5.600000000000000000e+02 6.997605590820312500e+02
5.700000000000000000e+02 7.083258056640625000e+02
5.800000000000000000e+02 7.023557739257812500e+02
5.900000000000000000e+02 7.047402954101562500e+02
6.000000000000000000e+02 7.005993041992187500e+02
6.100000000000000000e+02 6.963026123046875000e+02
6.200000000000000000e+02 7.065002441406250000e+02
6.300000000000000000e+02 6.986401977539062500e+02
6.400000000000000000e+02 6.984710693359375000e+02
6.500000000000000000e+02 6.987139892578125000e+02
6.600000000000000000e+02 7.119630737304687500e+02
6.700000000000000000e+02 7.001022949218750000e+02
6.800000000000000000e+02 7.019888916015625000e+02
6.900000000000000000e+02 7.120447998046875000e+02
7.000000000000000000e+02 6.997061157226562500e+02
7.100000000000000000e+02 7.083923339843750000e+02
7.200000000000000000e+02 7.021135864257812500e+02
7.300000000000000000e+02 7.126879272460937500e+02
7.400000000000000000e+02 7.010095825195312500e+02
7.500000000000000000e+02 6.957361450195312500e+02
7.600000000000000000e+02 7.130436401367187500e+02
7.700000000000000000e+02 6.981647338867187500e+02
7.800000000000000000e+02 7.019910888671875000e+02
7.900000000000000000e+02 7.050866088867187500e+02
8.000000000000000000e+02 6.950812377929687500e+02
8.100000000000000000e+02 7.081951904296875000e+02
8.200000000000000000e+02 7.018390502929687500e+02
8.300000000000000000e+02 7.002770996093750000e+02
8.400000000000000000e+02 6.925493164062500000e+02
8.500000000000000000e+02 7.103774414062500000e+02
8.600000000000000000e+02 7.141343994140625000e+02
8.700000000000000000e+02 7.035202026367187500e+02
8.800000000000000000e+02 6.996373901367187500e+02
8.900000000000000000e+02 7.120700073242187500e+02
9.000000000000000000e+02 6.919223022460937500e+02
9.100000000000000000e+02 7.068557128906250000e+02
9.200000000000000000e+02 6.979216918945312500e+02
9.300000000000000000e+02 7.077096557617187500e+02
9.400000000000000000e+02 7.114993286132812500e+02
9.500000000000000000e+02 7.060658569335937500e+02
9.600000000000000000e+02 7.071003417968750000e+02
9.700000000000000000e+02 6.970523681640625000e+02
9.800000000000000000e+02 6.943892211914062500e+02
9.900000000000000000e+02 7.083922729492187500e+02
1.000000000000000000e+03 6.983957519531250000e+02
1.010000000000000000e+03 7.100235595703125000e+02
1.020000000000000000e+03 6.789494628906250000e+02
1.030000000000000000e+03 6.947752685546875000e+02
1.040000000000000000e+03 7.119096679687500000e+02
1.050000000000000000e+03 7.081199951171875000e+02
1.060000000000000000e+03 7.089841918945312500e+02
1.070000000000000000e+03 6.824226684570312500e+02
1.080000000000000000e+03 7.100727539062500000e+02
1.090000000000000000e+03 7.031152343750000000e+02
1.100000000000000000e+03 7.040299072265625000e+02
1.110000000000000000e+03 7.017402954101562500e+02
1.120000000000000000e+03 6.977985229492187500e+02
1.130000000000000000e+03 7.045977783203125000e+02
1.140000000000000000e+03 7.013969726562500000e+02
1.150000000000000000e+03 6.989928588867187500e+02
1.160000000000000000e+03 6.953353271484375000e+02
1.170000000000000000e+03 6.965593261718750000e+02
1.180000000000000000e+03 7.070152587890625000e+02
1.190000000000000000e+03 6.990934448242187500e+02
1.200000000000000000e+03 7.054786376953125000e+02
1.210000000000000000e+03 7.077437744140625000e+02
1.220000000000000000e+03 6.982923583984375000e+02
1.230000000000000000e+03 7.044036865234375000e+02
1.240000000000000000e+03 7.059597778320312500e+02
1.250000000000000000e+03 7.071068115234375000e+02
1.260000000000000000e+03 7.108016357421875000e+02
1.270000000000000000e+03 6.994639282226562500e+02
1.280000000000000000e+03 6.962303466796875000e+02
1.290000000000000000e+03 7.128467407226562500e+02
1.300000000000000000e+03 7.121883544921875000e+02
1.310000000000000000e+03 6.957531127929687500e+02
1.320000000000000000e+03 6.977442626953125000e+02
1.330000000000000000e+03 6.980238647460937500e+02
1.340000000000000000e+03 6.990277099609375000e+02
1.350000000000000000e+03 7.122755737304687500e+02
1.360000000000000000e+03 6.991767578125000000e+02
1.370000000000000000e+03 6.999702758789062500e+02
1.380000000000000000e+03 6.963242797851562500e+02
1.390000000000000000e+03 6.920177001953125000e+02
1.400000000000000000e+03 7.035970458984375000e+02
1.410000000000000000e+03 6.990300903320312500e+02
1.420000000000000000e+03 6.976325073242187500e+02
1.430000000000000000e+03 7.097653808593750000e+02
1.440000000000000000e+03 7.086082763671875000e+02
1.450000000000000000e+03 6.971557617187500000e+02
1.460000000000000000e+03 6.727545776367187500e+02
1.470000000000000000e+03 7.075413208007812500e+02
1.480000000000000000e+03 6.882433471679687500e+02
1.490000000000000000e+03 6.959527587890625000e+02
1.500000000000000000e+03 7.115725708007812500e+02
1.510000000000000000e+03 6.972279663085937500e+02
1.520000000000000000e+03 6.897064208984375000e+02
1.530000000000000000e+03 6.921837158203125000e+02
1.540000000000000000e+03 6.950950927734375000e+02
1.550000000000000000e+03 6.937823486328125000e+02
1.560000000000000000e+03 6.837929687500000000e+02
1.570000000000000000e+03 6.958348388671875000e+02
1.580000000000000000e+03 7.080123901367187500e+02
1.590000000000000000e+03 6.989694213867187500e+02
1.600000000000000000e+03 6.870364990234375000e+02
1.610000000000000000e+03 6.927005004882812500e+02
1.620000000000000000e+03 6.862080688476562500e+02
1.630000000000000000e+03 7.082595214843750000e+02
1.640000000000000000e+03 6.986403808593750000e+02
1.650000000000000000e+03 7.079641113281250000e+02
1.660000000000000000e+03 7.007286987304687500e+02
1.670000000000000000e+03 7.046588745117187500e+02
1.680000000000000000e+03 7.071845703125000000e+02
1.690000000000000000e+03 6.956792602539062500e+02
1.700000000000000000e+03 6.982043457031250000e+02
1.710000000000000000e+03 7.032414550781250000e+02
1.720000000000000000e+03 7.033020629882812500e+02
1.730000000000000000e+03 6.992552490234375000e+02
1.740000000000000000e+03 6.934390869140625000e+02
1.750000000000000000e+03 6.972852172851562500e+02
1.760000000000000000e+03 6.969871215820312500e+02
1.770000000000000000e+03 7.054121093750000000e+02
1.780000000000000000e+03 7.125100708007812500e+02
1.790000000000000000e+03 7.017305297851562500e+02
1.800000000000000000e+03 6.964417114257812500e+02
1.810000000000000000e+03 7.101156005859375000e+02
1.820000000000000000e+03 7.103283691406250000e+02
1.830000000000000000e+03 7.017648315429687500e+02
1.840000000000000000e+03 7.007025756835937500e+02
1.850000000000000000e+03 7.049630737304687500e+02
1.860000000000000000e+03 6.902575073242187500e+02
1.870000000000000000e+03 7.029320678710937500e+02
1.880000000000000000e+03 6.897940063476562500e+02
1.890000000000000000e+03 7.037315063476562500e+02
1.900000000000000000e+03 6.981375732421875000e+02
1.910000000000000000e+03 6.919651489257812500e+02
1.920000000000000000e+03 6.971252441406250000e+02
1.930000000000000000e+03 6.920097656250000000e+02
1.940000000000000000e+03 7.118811645507812500e+02
1.950000000000000000e+03 6.979309082031250000e+02
1.960000000000000000e+03 6.962775878906250000e+02
1.970000000000000000e+03 6.896506347656250000e+02
1.980000000000000000e+03 7.110082397460937500e+02
1.990000000000000000e+03 7.004899902343750000e+02
2.000000000000000000e+03 7.122933349609375000e+02
2.010000000000000000e+03 7.016998291015625000e+02
2.020000000000000000e+03 6.847434082031250000e+02
2.030000000000000000e+03 7.004769287109375000e+02
2.040000000000000000e+03 6.958284301757812500e+02
2.050000000000000000e+03 6.971623535156250000e+02
2.060000000000000000e+03 6.976433715820312500e+02
2.070000000000000000e+03 6.985587158203125000e+02
2.080000000000000000e+03 6.985942993164062500e+02
2.090000000000000000e+03 7.065779418945312500e+02
2.100000000000000000e+03 6.858050537109375000e+02
2.110000000000000000e+03 6.991831665039062500e+02
2.120000000000000000e+03 6.946610107421875000e+02
2.130000000000000000e+03 7.066229248046875000e+02
2.140000000000000000e+03 6.973264770507812500e+02
2.150000000000000000e+03 7.048546142578125000e+02
2.160000000000000000e+03 7.005808715820312500e+02
2.170000000000000000e+03 7.009244384765625000e+02
2.180000000000000000e+03 7.057968139648437500e+02
2.190000000000000000e+03 7.047472534179687500e+02
2.200000000000000000e+03 7.024511718750000000e+02
2.210000000000000000e+03 7.032659912109375000e+02
2.220000000000000000e+03 7.062025756835937500e+02
2.230000000000000000e+03 7.121235351562500000e+02
2.240000000000000000e+03 7.011350708007812500e+02
2.250000000000000000e+03 7.009985351562500000e+02
2.260000000000000000e+03 7.037252197265625000e+02
2.270000000000000000e+03 7.078464965820312500e+02
2.280000000000000000e+03 6.931725463867187500e+02
2.290000000000000000e+03 7.001390380859375000e+02
2.300000000000000000e+03 6.940888671875000000e+02
2.310000000000000000e+03 6.988657836914062500e+02
2.320000000000000000e+03 7.153281250000000000e+02
2.330000000000000000e+03 7.092066650390625000e+02
2.340000000000000000e+03 7.012875976562500000e+02
2.350000000000000000e+03 7.085480346679687500e+02
2.360000000000000000e+03 6.980233764648437500e+02
2.370000000000000000e+03 6.933526000976562500e+02
2.380000000000000000e+03 7.075771484375000000e+02
2.390000000000000000e+03 7.104662475585937500e+02
2.400000000000000000e+03 7.040029296875000000e+02
2.410000000000000000e+03 6.984262084960937500e+02
2.420000000000000000e+03 7.024024047851562500e+02
2.430000000000000000e+03 7.076422119140625000e+02
2.440000000000000000e+03 6.963722534179687500e+02
2.450000000000000000e+03 7.055696411132812500e+02
2.460000000000000000e+03 7.099317016601562500e+02
2.470000000000000000e+03 7.121223144531250000e+02
2.480000000000000000e+03 7.042791137695312500e+02
2.490000000000000000e+03 7.006466674804687500e+02
2.500000000000000000e+03 7.016987304687500000e+02
2.510000000000000000e+03 7.017740478515625000e+02
2.520000000000000000e+03 7.001888427734375000e+02
2.530000000000000000e+03 7.039668579101562500e+02
2.540000000000000000e+03 6.991226806640625000e+02
2.550000000000000000e+03 6.973055419921875000e+02
2.560000000000000000e+03 6.988619384765625000e+02
2.570000000000000000e+03 7.020756225585937500e+02
2.580000000000000000e+03 6.972731323242187500e+02
2.590000000000000000e+03 6.960148925781250000e+02
2.600000000000000000e+03 7.056495971679687500e+02
2.610000000000000000e+03 7.105652465820312500e+02
2.620000000000000000e+03 7.044389648437500000e+02
2.630000000000000000e+03 7.057383422851562500e+02
2.640000000000000000e+03 7.056154785156250000e+02
2.650000000000000000e+03 6.943267822265625000e+02
2.660000000000000000e+03 7.061953735351562500e+02
2.670000000000000000e+03 6.974831542968750000e+02
2.680000000000000000e+03 7.012959594726562500e+02
2.690000000000000000e+03 6.923435058593750000e+02
2.700000000000000000e+03 7.130803222656250000e+02
2.710000000000000000e+03 7.143982543945312500e+02
2.720000000000000000e+03 7.093778076171875000e+02
2.730000000000000000e+03 6.937496948242187500e+02
2.740000000000000000e+03 7.042627563476562500e+02
2.750000000000000000e+03 7.079157714843750000e+02
2.760000000000000000e+03 6.943700561523437500e+02
2.770000000000000000e+03 6.892108154296875000e+02
2.780000000000000000e+03 6.815128784179687500e+02
2.790000000000000000e+03 7.005452880859375000e+02
2.800000000000000000e+03 7.050115356445312500e+02
2.810000000000000000e+03 7.058068237304687500e+02
2.820000000000000000e+03 7.003336791992187500e+02
2.830000000000000000e+03 7.103207397460937500e+02
2.840000000000000000e+03 7.035958251953125000e+02
2.850000000000000000e+03 7.022835083007812500e+02
2.860000000000000000e+03 7.084295654296875000e+02
2.870000000000000000e+03 7.009368896484375000e+02
2.880000000000000000e+03 6.883463745117187500e+02
2.890000000000000000e+03 6.912172241210937500e+02
2.900000000000000000e+03 7.054421386718750000e+02
2.910000000000000000e+03 7.144945068359375000e+02
2.920000000000000000e+03 6.921958007812500000e+02
2.930000000000000000e+03 6.875660400390625000e+02
2.940000000000000000e+03 6.992713623046875000e+02
2.950000000000000000e+03 6.805770263671875000e+02
2.960000000000000000e+03 6.931428222656250000e+02
2.970000000000000000e+03 7.113952636718750000e+02
2.980000000000000000e+03 7.017339477539062500e+02
2.990000000000000000e+03 7.152309570312500000e+02
3.000000000000000000e+03 7.119321899414062500e+02
3.010000000000000000e+03 7.044147338867187500e+02
3.020000000000000000e+03 7.020753173828125000e+02
3.030000000000000000e+03 6.884686279296875000e+02
3.040000000000000000e+03 6.975439453125000000e+02
3.050000000000000000e+03 7.103380126953125000e+02
3.060000000000000000e+03 7.060324096679687500e+02
3.070000000000000000e+03 7.040115356445312500e+02
3.080000000000000000e+03 7.130002441406250000e+02
3.090000000000000000e+03 7.034564819335937500e+02
3.100000000000000000e+03 7.044384155273437500e+02
3.110000000000000000e+03 7.092226562500000000e+02
3.120000000000000000e+03 7.076630859375000000e+02
3.130000000000000000e+03 6.911071777343750000e+02
3.140000000000000000e+03 7.063903808593750000e+02
3.150000000000000000e+03 7.025068969726562500e+02
3.160000000000000000e+03 6.988948974609375000e+02
3.170000000000000000e+03 6.950872802734375000e+02
3.180000000000000000e+03 7.004807739257812500e+02
3.190000000000000000e+03 6.983101806640625000e+02
3.200000000000000000e+03 7.011190185546875000e+02
3.210000000000000000e+03 7.056212768554687500e+02
3.220000000000000000e+03 7.018868408203125000e+02
3.230000000000000000e+03 7.020945434570312500e+02
3.240000000000000000e+03 6.946575317382812500e+02
3.250000000000000000e+03 6.885139160156250000e+02
3.260000000000000000e+03 6.937056884765625000e+02
3.270000000000000000e+03 6.992761230468750000e+02
3.280000000000000000e+03 7.013922119140625000e+02
3.290000000000000000e+03 7.096047363281250000e+02
3.300000000000000000e+03 7.025277709960937500e+02
3.310000000000000000e+03 6.977473754882812500e+02
3.320000000000000000e+03 7.070833740234375000e+02
3.330000000000000000e+03 6.978668823242187500e+02
3.340000000000000000e+03 7.017721557617187500e+02
3.350000000000000000e+03 6.868989868164062500e+02
3.360000000000000000e+03 6.952939453125000000e+02
3.370000000000000000e+03 6.993884887695312500e+02
3.380000000000000000e+03 7.064556274414062500e+02
3.390000000000000000e+03 7.072337036132812500e+02
3.400000000000000000e+03 7.078414916992187500e+02
3.410000000000000000e+03 7.027986450195312500e+02
3.420000000000000000e+03 7.081431884765625000e+02
3.430000000000000000e+03 7.066130981445312500e+02
3.440000000000000000e+03 7.000144042968750000e+02
3.450000000000000000e+03 7.081838378906250000e+02
3.460000000000000000e+03 7.036014404296875000e+02
3.470000000000000000e+03 7.054898071289062500e+02
3.480000000000000000e+03 7.062050781250000000e+02
3.490000000000000000e+03 7.072297973632812500e+02
3.500000000000000000e+03 7.169456176757812500e+02
3.510000000000000000e+03 7.021715087890625000e+02
3.520000000000000000e+03 7.053007202148437500e+02
3.530000000000000000e+03 7.057625732421875000e+02
3.540000000000000000e+03 6.988400268554687500e+02
3.550000000000000000e+03 6.912623901367187500e+02
3.560000000000000000e+03 7.006217651367187500e+02
3.570000000000000000e+03 7.017235717773437500e+02
3.580000000000000000e+03 6.979183959960937500e+02
3.590000000000000000e+03 7.050290527343750000e+02
3.600000000000000000e+03 6.900266723632812500e+02
3.610000000000000000e+03 6.918435058593750000e+02
3.620000000000000000e+03 7.055549316406250000e+02
3.630000000000000000e+03 6.914144897460937500e+02
3.640000000000000000e+03 7.112622070312500000e+02
3.650000000000000000e+03 6.966986083984375000e+02
3.660000000000000000e+03 7.048339233398437500e+02
3.670000000000000000e+03 6.888871459960937500e+02
3.680000000000000000e+03 7.001174926757812500e+02
3.690000000000000000e+03 6.947128295898437500e+02
3.700000000000000000e+03 6.936821899414062500e+02
3.710000000000000000e+03 7.012679443359375000e+02
3.720000000000000000e+03 6.973708496093750000e+02
3.730000000000000000e+03 7.142441406250000000e+02
3.740000000000000000e+03 6.982707519531250000e+02
3.750000000000000000e+03 7.001118164062500000e+02
3.760000000000000000e+03 7.007534790039062500e+02
3.770000000000000000e+03 7.095908813476562500e+02
3.780000000000000000e+03 6.975837402343750000e+02
3.790000000000000000e+03 6.937277221679687500e+02
3.800000000000000000e+03 7.035465087890625000e+02
3.810000000000000000e+03 7.028836669921875000e+02
3.820000000000000000e+03 6.945331420898437500e+02
3.830000000000000000e+03 7.024421386718750000e+02
3.840000000000000000e+03 7.004368286132812500e+02
3.850000000000000000e+03 7.002896118164062500e+02
3.860000000000000000e+03 7.030900268554687500e+02
3.870000000000000000e+03 7.036239624023437500e+02
3.880000000000000000e+03 7.010310058593750000e+02
3.890000000000000000e+03 7.136776123046875000e+02
3.900000000000000000e+03 7.026914672851562500e+02
3.910000000000000000e+03 7.064451904296875000e+02
3.920000000000000000e+03 7.019419555664062500e+02
3.930000000000000000e+03 6.992478637695312500e+02
3.940000000000000000e+03 7.065749511718750000e+02
3.950000000000000000e+03 7.072510986328125000e+02
3.960000000000000000e+03 7.002983398437500000e+02
3.970000000000000000e+03 6.978765869140625000e+02
3.980000000000000000e+03 7.089069213867187500e+02
3.990000000000000000e+03 7.008725585937500000e+02
4.000000000000000000e+03 7.019938964843750000e+02
4.010000000000000000e+03 6.980643920898437500e+02
4.020000000000000000e+03 7.270471191406250000e+02
4.030000000000000000e+03 6.944050903320312500e+02
4.040000000000000000e+03 6.926288452148437500e+02
4.050000000000000000e+03 6.956967773437500000e+02
4.060000000000000000e+03 6.968912353515625000e+02
4.070000000000000000e+03 7.019315795898437500e+02
4.080000000000000000e+03 7.083884887695312500e+02
4.090000000000000000e+03 6.993905639648437500e+02
4.100000000000000000e+03 7.018272705078125000e+02
4.110000000000000000e+03 7.060835571289062500e+02
4.120000000000000000e+03 7.023142089843750000e+02
4.130000000000000000e+03 7.009278564453125000e+02
4.140000000000000000e+03 6.921317749023437500e+02
4.150000000000000000e+03 7.009140625000000000e+02
4.160000000000000000e+03 6.997852172851562500e+02
4.170000000000000000e+03 7.149093627929687500e+02
4.180000000000000000e+03 7.022646484375000000e+02
4.190000000000000000e+03 7.074738769531250000e+02
4.200000000000000000e+03 7.100591430664062500e+02
4.210000000000000000e+03 6.950161132812500000e+02
4.220000000000000000e+03 7.118374633789062500e+02
4.230000000000000000e+03 7.012009277343750000e+02
4.240000000000000000e+03 7.148402709960937500e+02
4.250000000000000000e+03 6.990338745117187500e+02
4.260000000000000000e+03 6.945781860351562500e+02
4.270000000000000000e+03 6.975458374023437500e+02
4.280000000000000000e+03 7.155529785156250000e+02
4.290000000000000000e+03 7.016894531250000000e+02
4.300000000000000000e+03 6.921350708007812500e+02
4.310000000000000000e+03 6.837496337890625000e+02
4.320000000000000000e+03 7.025381469726562500e+02
4.330000000000000000e+03 6.960191650390625000e+02
4.340000000000000000e+03 7.160165405273437500e+02
4.350000000000000000e+03 6.972155151367187500e+02
4.360000000000000000e+03 6.988561401367187500e+02
4.370000000000000000e+03 7.036482543945312500e+02
4.380000000000000000e+03 7.093407592773437500e+02
4.390000000000000000e+03 7.019462280273437500e+02
4.400000000000000000e+03 6.870910644531250000e+02
4.410000000000000000e+03 6.938681640625000000e+02
4.420000000000000000e+03 7.066176757812500000e+02
4.430000000000000000e+03 7.094701538085937500e+02
4.440000000000000000e+03 6.853699951171875000e+02
4.450000000000000000e+03 6.964605712890625000e+02
4.460000000000000000e+03 7.022252807617187500e+02
4.470000000000000000e+03 6.995266723632812500e+02
4.480000000000000000e+03 7.064193115234375000e+02
4.490000000000000000e+03 7.074066162109375000e+02
4.500000000000000000e+03 7.207031250000000000e+02
4.510000000000000000e+03 7.119899902343750000e+02
4.520000000000000000e+03 6.984207763671875000e+02
4.530000000000000000e+03 6.870031127929687500e+02
4.540000000000000000e+03 6.993954467773437500e+02
4.550000000000000000e+03 7.011409301757812500e+02
4.560000000000000000e+03 7.063507690429687500e+02
4.570000000000000000e+03 7.113973388671875000e+02
4.580000000000000000e+03 6.934539794921875000e+02
4.590000000000000000e+03 7.096865234375000000e+02
4.600000000000000000e+03 6.894802856445312500e+02
4.610000000000000000e+03 6.989448242187500000e+02
4.620000000000000000e+03 6.992012329101562500e+02
4.630000000000000000e+03 7.132878417968750000e+02
4.640000000000000000e+03 7.171689453125000000e+02
4.650000000000000000e+03 6.981922607421875000e+02
4.660000000000000000e+03 7.014296264648437500e+02
4.670000000000000000e+03 6.856141967773437500e+02
4.680000000000000000e+03 7.002719116210937500e+02
4.690000000000000000e+03 7.006306762695312500e+02
4.700000000000000000e+03 6.803872070312500000e+02
4.710000000000000000e+03 6.892589721679687500e+02
4.720000000000000000e+03 6.872330932617187500e+02
4.730000000000000000e+03 6.942629394531250000e+02
4.740000000000000000e+03 7.035017089843750000e+02
4.750000000000000000e+03 6.968237304687500000e+02
4.760000000000000000e+03 6.849467163085937500e+02
4.770000000000000000e+03 7.104718017578125000e+02
4.780000000000000000e+03 6.982415771484375000e+02
4.790000000000000000e+03 6.979357910156250000e+02
4.800000000000000000e+03 7.057135009765625000e+02
4.810000000000000000e+03 6.982066650390625000e+02
4.820000000000000000e+03 6.963962402343750000e+02
4.830000000000000000e+03 7.100173339843750000e+02
4.840000000000000000e+03 7.036506347656250000e+02
4.850000000000000000e+03 6.878645019531250000e+02
4.860000000000000000e+03 6.932197265625000000e+02
4.870000000000000000e+03 6.878576660156250000e+02
4.880000000000000000e+03 7.041363525390625000e+02
4.890000000000000000e+03 6.899509887695312500e+02
4.900000000000000000e+03 6.889958496093750000e+02
4.910000000000000000e+03 6.998630981445312500e+02
4.920000000000000000e+03 7.141833496093750000e+02
4.930000000000000000e+03 7.015886230468750000e+02
4.940000000000000000e+03 7.116254882812500000e+02
4.950000000000000000e+03 7.007879028320312500e+02
4.960000000000000000e+03 7.050144653320312500e+02
4.970000000000000000e+03 7.019663696289062500e+02
4.980000000000000000e+03 6.973657226562500000e+02
4.990000000000000000e+03 7.081334838867187500e+02
5.000000000000000000e+03 6.941962280273437500e+02
5.010000000000000000e+03 6.907563476562500000e+02
5.020000000000000000e+03 6.945420532226562500e+02
5.030000000000000000e+03 6.972030029296875000e+02
5.040000000000000000e+03 6.905053710937500000e+02
5.050000000000000000e+03 7.093149414062500000e+02
5.060000000000000000e+03 6.993104858398437500e+02
5.070000000000000000e+03 7.030488891601562500e+02
5.080000000000000000e+03 6.847363281250000000e+02
5.090000000000000000e+03 7.024969482421875000e+02
5.100000000000000000e+03 7.058166503906250000e+02
5.110000000000000000e+03 7.044883422851562500e+02
5.120000000000000000e+03 6.938552246093750000e+02
5.130000000000000000e+03 6.938189086914062500e+02
5.140000000000000000e+03 7.057141113281250000e+02
5.150000000000000000e+03 7.078431396484375000e+02
5.160000000000000000e+03 7.208036499023437500e+02
5.170000000000000000e+03 7.127220458984375000e+02
5.180000000000000000e+03 7.155578002929687500e+02
5.190000000000000000e+03 7.000994873046875000e+02
5.200000000000000000e+03 7.122662353515625000e+02
5.210000000000000000e+03 7.028550415039062500e+02
5.220000000000000000e+03 6.991235961914062500e+02
5.230000000000000000e+03 6.989813842773437500e+02
5.240000000000000000e+03 7.058759155273437500e+02
5.250000000000000000e+03 7.091988525390625000e+02
5.260000000000000000e+03 6.899891357421875000e+02
5.270000000000000000e+03 7.050145874023437500e+02
5.280000000000000000e+03 6.993236694335937500e+02
5.290000000000000000e+03 7.015352783203125000e+02
5.300000000000000000e+03 7.002521972656250000e+02
5.310000000000000000e+03 6.914671020507812500e+02
5.320000000000000000e+03 7.019536743164062500e+02
5.330000000000000000e+03 7.027927856445312500e+02
5.340000000000000000e+03 7.010903930664062500e+02
5.350000000000000000e+03 6.998444213867187500e+02
5.360000000000000000e+03 6.961385498046875000e+02
5.370000000000000000e+03 6.928591308593750000e+02
5.380000000000000000e+03 7.065076293945312500e+02
5.390000000000000000e+03 6.932529296875000000e+02
5.400000000000000000e+03 6.875858764648437500e+02
5.410000000000000000e+03 6.929504394531250000e+02
5.420000000000000000e+03 7.135866088867187500e+02
5.430000000000000000e+03 7.018138427734375000e+02
5.440000000000000000e+03 7.029868774414062500e+02
5.450000000000000000e+03 6.999354248046875000e+02
5.460000000000000000e+03 7.002908935546875000e+02
5.470000000000000000e+03 6.918112182617187500e+02
5.480000000000000000e+03 7.018316040039062500e+02
5.490000000000000000e+03 7.005509643554687500e+02
5.500000000000000000e+03 6.919008178710937500e+02
5.510000000000000000e+03 6.896406250000000000e+02
5.520000000000000000e+03 6.906696777343750000e+02
5.530000000000000000e+03 6.822108154296875000e+02
5.540000000000000000e+03 6.923592529296875000e+02
5.550000000000000000e+03 7.013695678710937500e+02
5.560000000000000000e+03 6.907402343750000000e+02
5.570000000000000000e+03 7.001928100585937500e+02
5.580000000000000000e+03 7.043413085937500000e+02
5.590000000000000000e+03 7.019540405273437500e+02
5.600000000000000000e+03 6.928899536132812500e+02
5.610000000000000000e+03 6.945701904296875000e+02
5.620000000000000000e+03 7.001458740234375000e+02
5.630000000000000000e+03 6.960678710937500000e+02
5.640000000000000000e+03 6.901749267578125000e+02
5.650000000000000000e+03 7.058142089843750000e+02
5.660000000000000000e+03 6.962423095703125000e+02
5.670000000000000000e+03 6.850028686523437500e+02
5.680000000000000000e+03 6.942850952148437500e+02
5.690000000000000000e+03 6.952747192382812500e+02
5.700000000000000000e+03 6.807921142578125000e+02
5.710000000000000000e+03 7.008452758789062500e+02
5.720000000000000000e+03 7.080987548828125000e+02
5.730000000000000000e+03 7.064605712890625000e+02
5.740000000000000000e+03 7.137849121093750000e+02
5.750000000000000000e+03 7.027192382812500000e+02
5.760000000000000000e+03 6.948153686523437500e+02
5.770000000000000000e+03 7.043438720703125000e+02
5.780000000000000000e+03 7.033543701171875000e+02
5.790000000000000000e+03 7.110405883789062500e+02
5.800000000000000000e+03 7.006740722656250000e+02
5.810000000000000000e+03 7.075668334960937500e+02
5.820000000000000000e+03 7.032066040039062500e+02
5.830000000000000000e+03 6.980430297851562500e+02
5.840000000000000000e+03 7.099863281250000000e+02
5.850000000000000000e+03 7.073463745117187500e+02
5.860000000000000000e+03 7.096866455078125000e+02
5.870000000000000000e+03 7.013010864257812500e+02
5.880000000000000000e+03 7.087658691406250000e+02
5.890000000000000000e+03 7.119682006835937500e+02
5.900000000000000000e+03 7.103931274414062500e+02
5.910000000000000000e+03 7.039773559570312500e+02
5.920000000000000000e+03 7.045363159179687500e+02
5.930000000000000000e+03 6.935089721679687500e+02
5.940000000000000000e+03 7.046124267578125000e+02
5.950000000000000000e+03 6.950187377929687500e+02
5.960000000000000000e+03 6.984248046875000000e+02
5.970000000000000000e+03 6.990561523437500000e+02
5.980000000000000000e+03 7.021358642578125000e+02
5.990000000000000000e+03 7.056804199218750000e+02
6.000000000000000000e+03 7.036918945312500000e+02
6.010000000000000000e+03 7.060522460937500000e+02
6.020000000000000000e+03 6.993447265625000000e+02
6.030000000000000000e+03 6.903778686523437500e+02
6.040000000000000000e+03 6.868843994140625000e+02
6.050000000000000000e+03 6.961898803710937500e+02
6.060000000000000000e+03 7.148264770507812500e+02
6.070000000000000000e+03 6.929139404296875000e+02
6.080000000000000000e+03 6.999158935546875000e+02
6.090000000000000000e+03 6.896567382812500000e+02
6.100000000000000000e+03 6.931404418945312500e+02
6.110000000000000000e+03 6.990189208984375000e+02
6.120000000000000000e+03 7.026135253906250000e+02
6.130000000000000000e+03 7.063930664062500000e+02
6.140000000000000000e+03 7.017877807617187500e+02
6.150000000000000000e+03 7.055440063476562500e+02
6.160000000000000000e+03 7.013941040039062500e+02
6.170000000000000000e+03 7.058148193359375000e+02
6.180000000000000000e+03 7.135953979492187500e+02
6.190000000000000000e+03 7.003646850585937500e+02
6.200000000000000000e+03 7.013770141601562500e+02
6.210000000000000000e+03 6.840734252929687500e+02
6.220000000000000000e+03 6.950076293945312500e+02
6.230000000000000000e+03 6.950037841796875000e+02
6.240000000000000000e+03 6.904203491210937500e+02
6.250000000000000000e+03 6.903572387695312500e+02
6.260000000000000000e+03 6.853367919921875000e+02
6.270000000000000000e+03 6.873737792968750000e+02
6.280000000000000000e+03 7.037872924804687500e+02
6.290000000000000000e+03 7.027669067382812500e+02
6.300000000000000000e+03 7.000462036132812500e+02
6.310000000000000000e+03 6.947348022460937500e+02
6.320000000000000000e+03 6.940169677734375000e+02
6.330000000000000000e+03 7.114249877929687500e+02
6.340000000000000000e+03 7.098796997070312500e+02
6.350000000000000000e+03 6.986466674804687500e+02
6.360000000000000000e+03 7.000865478515625000e+02
6.370000000000000000e+03 6.935767822265625000e+02
6.380000000000000000e+03 7.115307006835937500e+02
6.390000000000000000e+03 7.004891967773437500e+02
6.400000000000000000e+03 6.990559692382812500e+02
6.410000000000000000e+03 6.910516357421875000e+02
6.420000000000000000e+03 6.984730224609375000e+02
6.430000000000000000e+03 7.085051269531250000e+02
6.440000000000000000e+03 7.184458618164062500e+02
6.450000000000000000e+03 7.178963012695312500e+02
6.460000000000000000e+03 7.080501098632812500e+02
6.470000000000000000e+03 7.071480102539062500e+02
6.480000000000000000e+03 6.897288818359375000e+02
6.490000000000000000e+03 6.896392822265625000e+02
6.500000000000000000e+03 7.070177612304687500e+02
6.510000000000000000e+03 7.079078369140625000e+02
6.520000000000000000e+03 7.047985229492187500e+02
6.530000000000000000e+03 7.188825683593750000e+02
6.540000000000000000e+03 7.003833007812500000e+02
6.550000000000000000e+03 6.956616821289062500e+02
6.560000000000000000e+03 6.995405883789062500e+02
6.570000000000000000e+03 6.984671020507812500e+02
6.580000000000000000e+03 6.925792846679687500e+02
6.590000000000000000e+03 7.038134765625000000e+02
6.600000000000000000e+03 7.063373413085937500e+02
6.610000000000000000e+03 6.950267944335937500e+02
6.620000000000000000e+03 6.928403320312500000e+02
6.630000000000000000e+03 6.909312133789062500e+02
6.640000000000000000e+03 6.995140380859375000e+02
6.650000000000000000e+03 7.019765014648437500e+02
6.660000000000000000e+03 6.981683959960937500e+02
6.670000000000000000e+03 7.022092285156250000e+02
6.680000000000000000e+03 7.046400756835937500e+02
6.690000000000000000e+03 7.049192504882812500e+02
6.700000000000000000e+03 7.111039428710937500e+02
6.710000000000000000e+03 7.024716186523437500e+02
6.720000000000000000e+03 7.052262573242187500e+02
6.730000000000000000e+03 6.927302246093750000e+02
6.740000000000000000e+03 7.069492187500000000e+02
6.750000000000000000e+03 7.078549194335937500e+02
6.760000000000000000e+03 6.872565917968750000e+02
6.770000000000000000e+03 7.040207519531250000e+02
6.780000000000000000e+03 6.964424438476562500e+02
6.790000000000000000e+03 6.995899047851562500e+02
6.800000000000000000e+03 6.848975830078125000e+02
6.810000000000000000e+03 6.898471679687500000e+02
6.820000000000000000e+03 7.006345214843750000e+02
6.830000000000000000e+03 6.988314819335937500e+02
6.840000000000000000e+03 6.946021118164062500e+02
6.850000000000000000e+03 7.044210815429687500e+02
6.860000000000000000e+03 6.914437866210937500e+02
6.870000000000000000e+03 6.826234741210937500e+02
6.880000000000000000e+03 6.946647949218750000e+02
6.890000000000000000e+03 6.947313842773437500e+02
6.900000000000000000e+03 7.040521240234375000e+02
6.910000000000000000e+03 7.030156250000000000e+02
6.920000000000000000e+03 7.133949584960937500e+02
6.930000000000000000e+03 7.054217529296875000e+02
6.940000000000000000e+03 7.092866210937500000e+02
6.950000000000000000e+03 7.051981811523437500e+02
6.960000000000000000e+03 6.955604858398437500e+02
6.970000000000000000e+03 6.905427856445312500e+02
6.980000000000000000e+03 6.952495117187500000e+02
6.990000000000000000e+03 6.902060546875000000e+02
7.000000000000000000e+03 7.107822875976562500e+02
7.010000000000000000e+03 7.112555541992187500e+02
7.020000000000000000e+03 7.041123046875000000e+02
7.030000000000000000e+03 6.939746093750000000e+02
7.040000000000000000e+03 7.101666259765625000e+02
7.050000000000000000e+03 7.019290771484375000e+02
7.060000000000000000e+03 6.904538574218750000e+02
7.070000000000000000e+03 6.890807495117187500e+02
7.080000000000000000e+03 7.078627319335937500e+02
7.090000000000000000e+03 7.000712890625000000e+02
7.100000000000000000e+03 6.971870727539062500e+02
7.110000000000000000e+03 6.981234741210937500e+02
7.120000000000000000e+03 6.877435913085937500e+02
7.130000000000000000e+03 6.923976440429687500e+02
7.140000000000000000e+03 7.010989990234375000e+02
7.150000000000000000e+03 7.056198730468750000e+02
7.160000000000000000e+03 6.885629882812500000e+02
7.170000000000000000e+03 6.861080932617187500e+02
7.180000000000000000e+03 6.754210205078125000e+02
7.190000000000000000e+03 7.041538696289062500e+02
7.200000000000000000e+03 7.114436035156250000e+02
7.210000000000000000e+03 7.048308715820312500e+02
7.220000000000000000e+03 7.137734375000000000e+02
7.230000000000000000e+03 7.084367065429687500e+02
7.240000000000000000e+03 7.083631591796875000e+02
7.250000000000000000e+03 7.113994140625000000e+02
7.260000000000000000e+03 7.143984985351562500e+02
7.270000000000000000e+03 7.052126464843750000e+02
7.280000000000000000e+03 7.091106567382812500e+02
7.290000000000000000e+03 7.092012939453125000e+02
7.300000000000000000e+03 7.091845703125000000e+02
7.310000000000000000e+03 7.084099121093750000e+02
7.320000000000000000e+03 7.106043090820312500e+02
7.330000000000000000e+03 7.014531250000000000e+02
7.340000000000000000e+03 6.971773681640625000e+02
7.350000000000000000e+03 7.007119140625000000e+02
7.360000000000000000e+03 6.994035034179687500e+02
7.370000000000000000e+03 6.935293579101562500e+02
7.380000000000000000e+03 7.021773071289062500e+02
7.390000000000000000e+03 6.931506347656250000e+02
7.400000000000000000e+03 6.908117675781250000e+02
7.410000000000000000e+03 7.096689453125000000e+02
7.420000000000000000e+03 7.066149291992187500e+02
7.430000000000000000e+03 6.954727172851562500e+02
7.440000000000000000e+03 7.021594238281250000e+02
7.450000000000000000e+03 7.005350341796875000e+02
7.460000000000000000e+03 7.007077026367187500e+02
7.470000000000000000e+03 6.921770019531250000e+02
7.480000000000000000e+03 7.071599121093750000e+02
7.490000000000000000e+03 6.977083740234375000e+02
7.500000000000000000e+03 6.940346679687500000e+02
7.510000000000000000e+03 7.035784912109375000e+02
7.520000000000000000e+03 7.023804931640625000e+02
7.530000000000000000e+03 7.066405029296875000e+02
7.540000000000000000e+03 7.017947387695312500e+02
7.550000000000000000e+03 7.016577758789062500e+02
7.560000000000000000e+03 6.964454345703125000e+02
7.570000000000000000e+03 6.994817504882812500e+02
7.580000000000000000e+03 6.982749023437500000e+02
7.590000000000000000e+03 7.066077880859375000e+02
7.600000000000000000e+03 7.126607055664062500e+02
7.610000000000000000e+03 7.167146606445312500e+02
7.620000000000000000e+03 6.962620239257812500e+02
7.630000000000000000e+03 7.066026611328125000e+02
7.640000000000000000e+03 7.075889282226562500e+02
7.650000000000000000e+03 7.105581054687500000e+02
7.660000000000000000e+03 7.010518188476562500e+02
7.670000000000000000e+03 6.977338867187500000e+02
7.680000000000000000e+03 6.924863281250000000e+02
7.690000000000000000e+03 7.106812744140625000e+02
7.700000000000000000e+03 6.921058349609375000e+02
7.710000000000000000e+03 7.132586059570312500e+02
7.720000000000000000e+03 6.878499145507812500e+02
7.730000000000000000e+03 6.976118774414062500e+02
7.740000000000000000e+03 7.049859008789062500e+02
7.750000000000000000e+03 7.101044311523437500e+02
7.760000000000000000e+03 6.941939697265625000e+02
7.770000000000000000e+03 6.948690795898437500e+02
7.780000000000000000e+03 7.153801269531250000e+02
7.790000000000000000e+03 7.076320800781250000e+02
7.800000000000000000e+03 7.053688354492187500e+02
7.810000000000000000e+03 7.024403076171875000e+02
7.820000000000000000e+03 7.051632690429687500e+02
7.830000000000000000e+03 7.062038574218750000e+02
7.840000000000000000e+03 6.957144165039062500e+02
7.850000000000000000e+03 7.048571777343750000e+02
7.860000000000000000e+03 7.060225219726562500e+02
7.870000000000000000e+03 7.002360229492187500e+02
7.880000000000000000e+03 6.978621215820312500e+02
7.890000000000000000e+03 6.971395874023437500e+02
7.900000000000000000e+03 7.005064697265625000e+02
7.910000000000000000e+03 7.022951660156250000e+02
7.920000000000000000e+03 6.896393432617187500e+02
7.930000000000000000e+03 7.028563842773437500e+02
7.940000000000000000e+03 6.942698974609375000e+02
7.950000000000000000e+03 7.078421630859375000e+02
7.960000000000000000e+03 6.970291748046875000e+02
7.970000000000000000e+03 7.085039672851562500e+02
7.980000000000000000e+03 6.918035278320312500e+02
7.990000000000000000e+03 6.881689453125000000e+02
8.000000000000000000e+03 7.095742797851562500e+02
8.010000000000000000e+03 7.138099365234375000e+02
8.020000000000000000e+03 7.081300659179687500e+02
8.030000000000000000e+03 6.966029052734375000e+02
8.040000000000000000e+03 7.049158935546875000e+02
8.050000000000000000e+03 7.114843139648437500e+02
8.060000000000000000e+03 7.094138793945312500e+02
8.070000000000000000e+03 7.169898681640625000e+02
8.080000000000000000e+03 7.080088500976562500e+02
8.090000000000000000e+03 7.138027343750000000e+02
8.100000000000000000e+03 6.887664184570312500e+02
8.110000000000000000e+03 7.019836425781250000e+02
8.120000000000000000e+03 6.932131958007812500e+02
8.130000000000000000e+03 7.058179321289062500e+02
8.140000000000000000e+03 7.120435180664062500e+02
8.150000000000000000e+03 7.009874267578125000e+02
8.160000000000000000e+03 6.988672485351562500e+02
8.170000000000000000e+03 6.839319458007812500e+02
8.180000000000000000e+03 6.998126831054687500e+02
8.190000000000000000e+03 7.026268310546875000e+02
8.200000000000000000e+03 7.005453491210937500e+02
8.210000000000000000e+03 7.120261230468750000e+02
8.220000000000000000e+03 7.162548828125000000e+02
8.230000000000000000e+03 7.129840698242187500e+02
8.240000000000000000e+03 6.959809570312500000e+02
8.250000000000000000e+03 7.088903198242187500e+02
8.260000000000000000e+03 6.993694458007812500e+02
8.270000000000000000e+03 7.029161376953125000e+02
8.280000000000000000e+03 6.908079223632812500e+02
8.290000000000000000e+03 6.927828979492187500e+02
8.300000000000000000e+03 6.990453491210937500e+02
8.310000000000000000e+03 6.867894897460937500e+02
8.320000000000000000e+03 6.872406005859375000e+02
8.330000000000000000e+03 6.964663085937500000e+02
8.340000000000000000e+03 6.984925537109375000e+02
8.350000000000000000e+03 6.850297241210937500e+02
8.360000000000000000e+03 7.013085327148437500e+02
8.370000000000000000e+03 6.905161132812500000e+02
8.380000000000000000e+03 6.986005249023437500e+02
8.390000000000000000e+03 7.036093139648437500e+02
8.400000000000000000e+03 6.872058715820312500e+02
8.410000000000000000e+03 7.023088989257812500e+02
8.420000000000000000e+03 6.942293090820312500e+02
8.430000000000000000e+03 7.071250610351562500e+02
8.440000000000000000e+03 7.013211669921875000e+02
8.450000000000000000e+03 7.035952148437500000e+02
8.460000000000000000e+03 6.957361450195312500e+02
8.470000000000000000e+03 7.073833007812500000e+02
8.480000000000000000e+03 6.971007690429687500e+02
8.490000000000000000e+03 6.967298583984375000e+02
8.500000000000000000e+03 7.047642211914062500e+02
8.510000000000000000e+03 7.014500122070312500e+02
8.520000000000000000e+03 7.022040405273437500e+02
8.530000000000000000e+03 6.941740112304687500e+02
8.540000000000000000e+03 7.119732666015625000e+02
8.550000000000000000e+03 7.117655029296875000e+02
8.560000000000000000e+03 7.022936401367187500e+02
8.570000000000000000e+03 7.072627563476562500e+02
8.580000000000000000e+03 7.131442260742187500e+02
8.590000000000000000e+03 7.024251098632812500e+02
8.600000000000000000e+03 7.148967285156250000e+02
8.610000000000000000e+03 7.073245849609375000e+02
8.620000000000000000e+03 7.131346435546875000e+02
8.630000000000000000e+03 7.097152099609375000e+02
8.640000000000000000e+03 6.980533447265625000e+02
8.650000000000000000e+03 6.979548339843750000e+02
8.660000000000000000e+03 7.022210693359375000e+02
8.670000000000000000e+03 7.049055175781250000e+02
8.680000000000000000e+03 6.979113769531250000e+02
8.690000000000000000e+03 6.930502319335937500e+02
8.700000000000000000e+03 7.002297363281250000e+02
8.710000000000000000e+03 7.093527221679687500e+02
8.720000000000000000e+03 7.026514282226562500e+02
8.730000000000000000e+03 7.026599121093750000e+02
8.740000000000000000e+03 7.040653686523437500e+02
8.750000000000000000e+03 7.014142456054687500e+02
8.760000000000000000e+03 6.939497070312500000e+02
8.770000000000000000e+03 7.073953247070312500e+02
8.780000000000000000e+03 6.926549072265625000e+02
8.790000000000000000e+03 6.970411987304687500e+02
8.800000000000000000e+03 6.984443359375000000e+02
8.810000000000000000e+03 6.944548339843750000e+02
8.820000000000000000e+03 6.862946166992187500e+02
8.830000000000000000e+03 7.050435791015625000e+02
8.840000000000000000e+03 6.986652832031250000e+02
8.850000000000000000e+03 6.948270263671875000e+02
8.860000000000000000e+03 7.031939697265625000e+02
8.870000000000000000e+03 7.101319580078125000e+02
8.880000000000000000e+03 7.070727539062500000e+02
8.890000000000000000e+03 6.972244873046875000e+02
8.900000000000000000e+03 7.219830932617187500e+02
8.910000000000000000e+03 7.058945922851562500e+02
8.920000000000000000e+03 7.098603515625000000e+02
8.930000000000000000e+03 7.045649414062500000e+02
8.940000000000000000e+03 7.054140625000000000e+02
8.950000000000000000e+03 6.831646118164062500e+02
8.960000000000000000e+03 6.969866333007812500e+02
8.970000000000000000e+03 7.067632446289062500e+02
8.980000000000000000e+03 7.138471069335937500e+02
8.990000000000000000e+03 6.995726928710937500e+02
9.000000000000000000e+03 6.945299072265625000e+02
9.010000000000000000e+03 7.063806152343750000e+02
9.020000000000000000e+03 6.959631958007812500e+02
9.030000000000000000e+03 7.097561035156250000e+02
9.040000000000000000e+03 7.032525634765625000e+02
9.050000000000000000e+03 6.983486938476562500e+02
9.060000000000000000e+03 6.961224975585937500e+02
9.070000000000000000e+03 7.063751220703125000e+02
9.080000000000000000e+03 7.198231201171875000e+02
9.090000000000000000e+03 7.004797973632812500e+02
9.100000000000000000e+03 7.135151977539062500e+02
9.110000000000000000e+03 7.081881713867187500e+02
9.120000000000000000e+03 7.075336914062500000e+02
9.130000000000000000e+03 6.988395385742187500e+02
9.140000000000000000e+03 7.050444946289062500e+02
9.150000000000000000e+03 6.957569580078125000e+02
9.160000000000000000e+03 6.927241210937500000e+02
9.170000000000000000e+03 6.883881225585937500e+02
9.180000000000000000e+03 6.894631347656250000e+02
9.190000000000000000e+03 6.948316040039062500e+02
9.200000000000000000e+03 7.119212036132812500e+02
9.210000000000000000e+03 6.945093383789062500e+02
9.220000000000000000e+03 7.094984741210937500e+02
9.230000000000000000e+03 7.092829589843750000e+02
9.240000000000000000e+03 7.051402587890625000e+02
9.250000000000000000e+03 7.032754516601562500e+02
9.260000000000000000e+03 7.019191284179687500e+02
9.270000000000000000e+03 6.839301147460937500e+02
9.280000000000000000e+03 6.889053955078125000e+02
9.290000000000000000e+03 6.983704223632812500e+02
9.300000000000000000e+03 6.960471191406250000e+02
9.310000000000000000e+03 7.081926879882812500e+02
9.320000000000000000e+03 7.088825073242187500e+02
9.330000000000000000e+03 6.968612670898437500e+02
9.340000000000000000e+03 6.720898437500000000e+02
9.350000000000000000e+03 6.931092529296875000e+02
9.360000000000000000e+03 7.164831542968750000e+02
9.370000000000000000e+03 7.040440063476562500e+02
9.380000000000000000e+03 7.056795043945312500e+02
9.390000000000000000e+03 7.021414794921875000e+02
9.400000000000000000e+03 6.998649291992187500e+02
9.410000000000000000e+03 7.055661010742187500e+02
9.420000000000000000e+03 7.079509887695312500e+02
9.430000000000000000e+03 7.067268676757812500e+02
9.440000000000000000e+03 7.095913085937500000e+02
9.450000000000000000e+03 7.056433715820312500e+02
9.460000000000000000e+03 7.003198852539062500e+02
9.470000000000000000e+03 7.044830322265625000e+02
9.480000000000000000e+03 6.857299804687500000e+02
9.490000000000000000e+03 7.091697387695312500e+02
9.500000000000000000e+03 7.094473876953125000e+02
9.510000000000000000e+03 7.074631958007812500e+02
9.520000000000000000e+03 7.015059204101562500e+02
9.530000000000000000e+03 7.141737060546875000e+02
9.540000000000000000e+03 6.940444335937500000e+02
9.550000000000000000e+03 6.939517211914062500e+02
9.560000000000000000e+03 7.066928100585937500e+02
9.570000000000000000e+03 6.925937500000000000e+02
9.580000000000000000e+03 7.012960205078125000e+02
9.590000000000000000e+03 6.973354492187500000e+02
9.600000000000000000e+03 6.973321533203125000e+02
9.610000000000000000e+03 6.948848876953125000e+02
9.620000000000000000e+03 6.901602783203125000e+02
9.630000000000000000e+03 7.002821655273437500e+02
9.640000000000000000e+03 6.965625610351562500e+02
9.650000000000000000e+03 7.043698120117187500e+02
9.660000000000000000e+03 7.063145141601562500e+02
9.670000000000000000e+03 7.033578491210937500e+02
9.680000000000000000e+03 7.151087036132812500e+02
9.690000000000000000e+03 7.053427734375000000e+02
9.700000000000000000e+03 7.022595825195312500e+02
9.710000000000000000e+03 7.001421508789062500e+02
9.720000000000000000e+03 7.078957519531250000e+02
9.730000000000000000e+03 7.105582885742187500e+02
9.740000000000000000e+03 6.983516235351562500e+02
9.750000000000000000e+03 7.038204956054687500e+02
9.760000000000000000e+03 6.955814819335937500e+02
9.770000000000000000e+03 6.962339477539062500e+02
9.780000000000000000e+03 6.860808105468750000e+02
9.790000000000000000e+03 7.047033691406250000e+02
9.800000000000000000e+03 7.001385498046875000e+02
9.810000000000000000e+03 7.122694091796875000e+02
9.820000000000000000e+03 7.154941406250000000e+02
9.830000000000000000e+03 7.158869018554687500e+02
9.840000000000000000e+03 7.024300537109375000e+02
9.850000000000000000e+03 6.978168945312500000e+02
9.860000000000000000e+03 6.952517700195312500e+02
9.870000000000000000e+03 7.068284912109375000e+02
9.880000000000000000e+03 7.009360961914062500e+02
9.890000000000000000e+03 6.890542602539062500e+02
9.900000000000000000e+03 6.903181762695312500e+02
9.910000000000000000e+03 7.079579467773437500e+02
9.920000000000000000e+03 6.948722534179687500e+02
9.930000000000000000e+03 7.014022827148437500e+02
9.940000000000000000e+03 7.107258911132812500e+02
9.950000000000000000e+03 6.945709228515625000e+02
9.960000000000000000e+03 7.073007202148437500e+02
9.970000000000000000e+03 6.938396606445312500e+02
9.980000000000000000e+03 6.928591308593750000e+02
9.990000000000000000e+03 7.020316162109375000e+02
1.000000000000000000e+04 6.961799926757812500e+02
